194.99	-10.9
195.26	-10.9
195.52	-10.9
195.79	15.1
196.06	99.6
196.33	107
196.6	95.4
196.87	95.5
197.13	92.2
197.4	79.3
197.67	74.5
197.94	91.9
198.21	95.7
198.48	114.1
198.74	77.7
199.01	103.4
199.28	81.4
199.55	104.8
199.82	110.6
200.09	100.5
200.35	85.4
200.62	112.6
200.89	94.5
201.16	101.4
201.43	96.4
201.69	114.5
201.96	88.9
202.23	109.9
202.5	83
202.77	96.6
203.04	101
203.3	84.1
203.57	104
203.84	98.4
204.11	107
204.38	142.4
204.64	97.2
204.91	105
205.18	80.6
205.45	122.4
205.72	93.5
205.98	90.4
206.25	106.4
206.52	127.5
206.79	91.8
207.06	113.8
207.32	131.9
207.59	95.2
207.86	98.2
208.13	77.2
208.4	97.3
208.67	95.2
208.93	73.2
209.2	97.9
209.47	107.7
209.74	138.2
210	105.5
210.27	94.9
210.54	94.2
210.81	106.8
211.08	98.7
211.34	133.8
211.61	93.1
211.88	89.1
212.15	93.9
212.42	120.8
212.68	112.3
212.95	77.8
213.22	75.9
213.49	96.2
213.76	111.4
214.02	98.2
214.29	99
214.56	107.7
214.83	97.2
215.09	88.5
215.36	98.1
215.63	100.2
215.9	103.6
216.17	103
216.43	108.2
216.7	86.7
216.97	98.6
217.24	100.7
217.5	104.9
217.77	64.4
218.04	98.9
218.31	107.4
218.58	121.9
218.84	111.3
219.11	64.1
219.38	84.2
219.65	86.4
219.91	114.4
220.18	111.6
220.45	115.5
220.72	104.8
220.98	88.6
221.25	138.1
221.52	109.4
221.79	100.4
222.05	116.2
222.32	72.4
222.59	79.5
222.86	120.3
223.13	90.3
223.39	120.1
223.66	65.8
223.93	104.6
224.2	83.7
224.46	127.5
224.73	100.1
225	67.1
225.27	94.6
225.53	112.8
225.8	74.5
226.07	107.3
226.34	83.4
226.6	80.7
226.87	95.9
227.14	94.7
227.41	89.5
227.67	124.1
227.94	112.2
228.21	107.4
228.48	103.8
228.74	66.5
229.01	96.4
229.28	94.5
229.55	104.1
229.81	98.5
230.08	103.1
230.35	127.1
230.61	77.3
230.88	101.7
231.15	103.3
231.42	107.8
231.68	92
231.95	92.5
232.22	93.7
232.49	89.3
232.75	103.8
233.02	83.8
233.29	105.6
233.56	93.5
233.82	91.1
234.09	111.7
234.36	123.5
234.62	129.6
234.89	124.5
235.16	96.8
235.43	80.4
235.69	94.2
235.96	72.6
236.23	103.8
236.5	108.8
236.76	81.3
237.03	105
237.3	88.9
237.56	96
237.83	103.1
238.1	83.3
238.37	69.3
238.63	96.3
238.9	107.3
239.17	89
239.43	112.1
239.7	92.1
239.97	79.9
240.24	125.4
240.5	93.5
240.77	108
241.04	91.6
241.3	102
241.57	104.6
241.84	88.7
242.1	131.1
242.37	111.4
242.64	88.5
242.91	84.5
243.17	112.1
243.44	109.4
243.71	91.5
243.97	56.8
244.24	114.3
244.51	158.9
244.77	108.7
245.04	117.9
245.31	109.3
245.58	96.4
245.84	93.4
246.11	79.9
246.38	94.8
246.64	115.5
246.91	109.1
247.18	111.4
247.44	76.3
247.71	96.7
247.98	81.8
248.24	86.2
248.51	82.1
248.78	81.8
249.05	73.3
249.31	91.2
249.58	106.7
249.85	132.2
250.11	113.1
250.38	107
250.65	90.8
250.91	89.4
251.18	75.6
251.45	93.8
251.71	87.6
251.98	90.1
252.25	86.7
252.51	75.6
252.78	90.3
253.05	105.5
253.31	74.7
253.58	101.2
253.85	116.9
254.11	67.5
254.38	100.2
254.65	118.5
254.91	96.6
255.18	105
255.45	96.2
255.71	120.5
255.98	81.8
256.25	109.7
256.51	77.8
256.78	75
257.05	86.5
257.31	87.8
257.58	100.4
257.85	93.5
258.11	100.3
258.38	103.1
258.65	87.9
258.91	68.3
259.18	83.4
259.45	89.7
259.71	106.6
259.98	88.6
260.25	107.7
260.51	105.5
260.78	105.8
261.05	74.2
261.31	101.2
261.58	85.2
261.85	122.8
262.11	93.5
262.38	102.9
262.65	109.4
262.91	96.6
263.18	96.8
263.44	89.6
263.71	127.3
263.98	83.9
264.24	113.8
264.51	86.3
264.78	85.9
265.04	82.9
265.31	92.3
265.58	99.1
265.84	92.8
266.11	92.8
266.37	81.6
266.64	87.8
266.91	77.1
267.17	88.5
267.44	96.3
267.71	109.1
267.97	67.6
268.24	88.7
268.51	110.5
268.77	94.1
269.04	70.9
269.3	87.5
269.57	92.5
269.84	89.9
270.1	64.5
270.37	86.8
270.64	84.5
270.9	92.1
271.17	101.4
271.43	78.9
271.7	83.9
271.97	90.1
272.23	90.5
272.5	94.3
272.77	104.8
273.03	85.7
273.3	110.1
273.56	87.7
273.83	87.6
274.1	77.3
274.36	94
274.63	94.3
274.89	91.3
275.16	108.9
275.43	107.8
275.69	107
275.96	78.8
276.23	94.9
276.49	91.7
276.76	97.2
277.02	82.7
277.29	80.4
277.56	118.9
277.82	107.5
278.09	106.5
278.35	102.7
278.62	107.2
278.89	81
279.15	127.5
279.42	125.5
279.68	109.9
279.95	72.9
280.22	125.2
280.48	104.4
280.75	98.3
281.01	115.1
281.28	73.9
281.55	88
281.81	101.4
282.08	99.4
282.34	104.5
282.61	110
282.87	66.5
283.14	106.6
283.41	90.2
283.67	108.4
283.94	105.1
284.2	79
284.47	115.1
284.74	78.1
285	96.1
285.27	84.5
285.53	96.1
285.8	82.6
286.06	99.4
286.33	84.8
286.6	70.1
286.86	114.8
287.13	149.1
287.39	90.4
287.66	102.3
287.93	86.8
288.19	87.5
288.46	105
288.72	91.2
288.99	78
289.25	119.3
289.52	89.4
289.79	108.1
290.05	117.5
290.32	75.4
290.58	97.9
290.85	93.8
291.11	84.4
291.38	86.4
291.64	86.2
291.91	102.6
292.18	76.6
292.44	98.9
292.71	103.3
292.97	87.4
293.24	86.7
293.5	80.3
293.77	107.9
294.04	77.7
294.3	125.3
294.57	91.8
294.83	82.2
295.1	100.4
295.36	88.4
295.63	104.3
295.89	107.5
296.16	133.4
296.43	102.8
296.69	80.4
296.96	90.8
297.22	104.3
297.49	79.9
297.75	92.3
298.02	110.3
298.28	108.4
298.55	120.1
298.81	103.3
299.08	86.1
299.35	116.4
299.61	88.5
299.88	121.8
300.14	88.3
300.41	82.9
300.67	95.3
300.94	87
301.2	87.4
301.47	96.1
301.73	104.4
302	86.8
302.26	79.4
302.53	70.4
302.79	92.4
303.06	111.8
303.33	98.3
303.59	118.9
303.86	138.8
304.12	93.3
304.39	96
304.65	82.4
304.92	93.7
305.18	98.2
305.45	82.6
305.71	100.4
305.98	100.7
306.24	113.2
306.51	89.7
306.77	90.2
307.04	101.3
307.3	111.3
307.57	94
307.83	70.4
308.1	83.4
308.36	93
308.63	146.4
308.89	84.2
309.16	101.5
309.43	83.9
309.69	154.8
309.96	135.3
310.22	74.4
310.49	94.8
310.75	91.4
311.02	98.6
311.28	82.7
311.55	84.5
311.81	112
312.08	86.5
312.34	123.4
312.61	112.3
312.87	97.2
313.14	90.3
313.4	99.9
313.67	89.3
313.93	100.9
314.2	89.3
314.46	103.6
314.73	89.1
314.99	100.8
315.26	90.7
315.52	119.4
315.79	110.3
316.05	92.7
316.32	106.3
316.58	81.8
316.85	100.3
317.11	83
317.38	93.7
317.64	80.2
317.91	117.1
318.17	103.6
318.43	103.1
318.7	107.1
318.96	78.8
319.23	112
319.49	117.3
319.76	63.1
320.02	98.2
320.29	98.8
320.55	99.8
320.82	98
321.08	108.4
321.35	69.6
321.61	103.5
321.88	78.9
322.14	102.7
322.41	84.6
322.67	124.4
322.94	99.5
323.2	119.7
323.47	109.4
323.73	122.5
324	92.9
324.26	127.1
324.52	92.7
324.79	107.1
325.05	121.1
325.32	94.2
325.58	92.8
325.85	93.7
326.11	98.5
326.38	117
326.64	118.1
326.91	120.4
327.17	107
327.44	107
327.7	103.7
327.96	104.9
328.23	114.8
328.49	98.9
328.76	105.6
329.02	112.1
329.29	115.3
329.55	119
329.82	122
330.08	98.2
330.35	81.8
330.61	115.1
330.87	98.7
331.14	115.6
331.4	86.3
331.67	104
331.93	73.9
332.2	115.6
332.46	103.1
332.73	131.7
332.99	102.5
333.25	104.9
333.52	101.3
333.78	116.5
334.05	93
334.31	79.2
334.58	127.2
334.84	118.5
335.11	105.5
335.37	103.9
335.63	124.6
335.9	115.1
336.16	95.2
336.43	103.1
336.69	111.6
336.96	136.3
337.22	123.2
337.48	128.6
337.75	92.6
338.01	113.8
338.28	113.5
338.54	101.9
338.81	116
339.07	131.9
339.33	108.4
339.6	105
339.86	71.1
340.13	119.3
340.39	103.5
340.66	124.4
340.92	159.6
341.18	114.1
341.45	110.8
341.71	110.5
341.98	115.6
342.24	103.3
342.51	124.8
342.77	162
343.03	105.8
343.3	111.6
343.56	82.8
343.83	110.4
344.09	115.9
344.35	127.9
344.62	100.9
344.88	138.9
345.15	118.8
345.41	105.9
345.67	121.4
345.94	117.4
346.2	123.3
346.47	105
346.73	98.4
346.99	104.2
347.26	85.5
347.52	134.8
347.79	84.5
348.05	127.8
348.31	135.3
348.58	132.7
348.84	129.6
349.11	118.8
349.37	118.2
349.63	123.9
349.9	159.3
350.16	109.1
350.43	100.9
350.69	90.5
350.95	143.3
351.22	121.9
351.48	142.5
351.75	149.4
352.01	161.4
352.27	118
352.54	112.1
352.8	109.1
353.06	117
353.33	202.7
353.59	97.9
353.86	134.8
354.12	149.2
354.38	101.8
354.65	107.3
354.91	109.7
355.18	126.2
355.44	128.6
355.7	127.5
355.97	147.4
356.23	108.4
356.49	120.5
356.76	124.3
357.02	108.4
357.29	113.6
357.55	95.8
357.81	133.9
358.08	121.2
358.34	103.2
358.6	98.4
358.87	110.8
359.13	155.4
359.39	101
359.66	102.5
359.92	113.4
360.19	111.9
360.45	98.4
360.71	104.2
360.98	124.9
361.24	131.7
361.5	108.1
361.77	121.6
362.03	121.1
362.29	115.1
362.56	114.6
362.82	97
363.09	118.2
363.35	110.6
363.61	125.9
363.88	119.2
364.14	101.9
364.4	138.4
364.67	104.3
364.93	126.9
365.19	125.1
365.46	113.2
365.72	111.7
365.98	117.8
366.25	108.7
366.51	98.5
366.77	103.7
367.04	93.4
367.3	98.9
367.56	117.7
367.83	106.1
368.09	132.9
368.35	115.7
368.62	101.8
368.88	77.1
369.14	122.7
369.41	97.1
369.67	151.7
369.93	93
370.2	140.2
370.46	116.1
370.72	99.2
370.99	92.3
371.25	99.1
371.51	102.5
371.78	109.3
372.04	122
372.3	125.1
372.57	128.5
372.83	125.4
373.09	84.8
373.36	84.8
373.62	105.5
373.88	106.8
374.15	121
374.41	86.8
374.67	106.3
374.94	109.7
375.2	87.2
375.46	95
375.73	88.4
375.99	87.6
376.25	99.2
376.52	101.5
376.78	88
377.04	106.4
377.31	86.5
377.57	84.3
377.83	92.4
378.09	105.5
378.36	97.5
378.62	104.5
378.88	115
379.15	108.9
379.41	109.4
379.67	94.9
379.94	94.8
380.2	103.8
380.46	76.9
380.73	76.3
380.99	94.4
381.25	94.3
381.51	92
381.78	75.6
382.04	94.9
382.3	103.5
382.57	106.6
382.83	102.4
383.09	88.5
383.36	117.9
383.62	117.9
383.88	107.8
384.14	108.7
384.41	110.5
384.67	106.5
384.93	89.6
385.2	109.3
385.46	101.5
385.72	101.9
385.98	100.9
386.25	96.9
386.51	124.4
386.77	97
387.04	100.1
387.3	125.1
387.56	81
387.82	115.1
388.09	108.7
388.35	105.3
388.61	73
388.88	85.8
389.14	88.3
389.4	112.9
389.66	122.9
389.93	112.5
390.19	87
390.45	111.3
390.71	100.5
390.98	111.9
391.24	98.9
391.5	84.5
391.77	112.8
392.03	113.1
392.29	104
392.55	142.8
392.82	102.4
393.08	106.7
393.34	89.6
393.6	134.7
393.87	128.8
394.13	95.3
394.39	115.9
394.65	93.9
394.92	110.4
395.18	123.9
395.44	86.1
395.7	112.2
395.97	75
396.23	117.6
396.49	94.4
396.75	109.6
397.02	119.6
397.28	102.7
397.54	106.6
397.8	96.2
398.07	92.6
398.33	121.3
398.59	90
398.85	122.1
399.12	123.3
399.38	105.5
399.64	81.7
399.9	107.2
400.17	90
400.43	115.8
400.69	104.8
400.95	110.4
401.22	127.4
401.48	114
401.74	117
402	98.8
402.27	73.4
402.53	93.4
402.79	118.6
403.05	95.6
403.32	137.1
403.58	77.8
403.84	130.4
404.1	96.3
404.36	97.8
404.63	109
404.89	94.1
405.15	81.7
405.41	129.4
405.68	118.8
405.94	114
406.2	68.6
406.46	95.2
406.73	91.1
406.99	78.9
407.25	109.9
407.51	116.2
407.77	73.5
408.04	112.1
408.3	125.8
408.56	122
408.82	100.9
409.09	104.7
409.35	120.8
409.61	91
409.87	111.9
410.13	98
410.4	123.5
410.66	100.5
410.92	101.1
411.18	115.7
411.44	107.2
411.71	77.6
411.97	105.2
412.23	120.3
412.49	98
412.75	114
413.02	96.2
413.28	111.9
413.54	106.9
413.8	88.4
414.06	85.4
414.33	99.8
414.59	82.5
414.85	102.3
415.11	80.7
415.37	106.9
415.64	105.1
415.9	119.9
416.16	104.4
416.42	84.6
416.68	105.7
416.95	94.8
417.21	109.3
417.47	86.3
417.73	103.4
417.99	110
418.26	113
418.52	100.3
418.78	99.1
419.04	101.8
419.3	113.6
419.57	115.5
419.83	87
420.09	103
420.35	107.3
420.61	98.5
420.87	112.3
421.14	101.9
421.4	77.6
421.66	111.8
421.92	101.1
422.18	95.5
422.45	107.1
422.71	116.2
422.97	116.9
423.23	107.1
423.49	94.5
423.75	76.6
424.02	100.4
424.28	85.3
424.54	120.9
424.8	102.4
425.06	130.5
425.32	121
425.59	114.5
425.85	103.9
426.11	112.8
426.37	94
426.63	126.9
426.89	96.4
427.16	102.3
427.42	109.1
427.68	80.8
427.94	97.4
428.2	88.8
428.46	118.4
428.73	109.1
428.99	106.9
429.25	98.2
429.51	114.2
429.77	114
430.03	121.7
430.29	114.9
430.56	113
430.82	84.6
431.08	102.9
431.34	98.6
431.6	115.1
431.86	104.3
432.12	122.3
432.39	110
432.65	96.8
432.91	82.8
433.17	129.2
433.43	89.8
433.69	136
433.95	89.1
434.22	115.3
434.48	73.2
434.74	109.1
435	94.1
435.26	71.4
435.52	79.9
435.78	115.6
436.05	136.3
436.31	82.9
436.57	105.4
436.83	138.6
437.09	82.3
437.35	93.4
437.61	106.6
437.88	113.6
438.14	133.6
438.4	89.3
438.66	91.5
438.92	89
439.18	79.1
439.44	108.7
439.7	126.8
439.97	126.5
440.23	117
440.49	135.8
440.75	105.4
441.01	104.3
441.27	120.3
441.53	104.9
441.79	106.6
442.05	74.2
442.32	118.2
442.58	101.1
442.84	122.7
443.1	99.7
443.36	106.3
443.62	124.7
443.88	118.3
444.14	136.8
444.4	97.1
444.67	107.1
444.93	103.9
445.19	151.9
445.45	89.5
445.71	108.5
445.97	129.8
446.23	123.8
446.49	124.5
446.75	120.5
447.02	100.9
447.28	103.3
447.54	88.2
447.8	115.2
448.06	109.7
448.32	117.8
448.58	90.9
448.84	90.3
449.1	108.5
449.36	113.6
449.62	90.8
449.89	107.4
450.15	122.6
450.41	131.4
450.67	111.7
450.93	113.6
451.19	124.6
451.45	139.1
451.71	91.1
451.97	109.6
452.23	103
452.49	72.6
452.76	125.8
453.02	115.8
453.28	109.3
453.54	136.8
453.8	111.3
454.06	123.3
454.32	74
454.58	105
454.84	109.3
455.1	106.7
455.36	80.8
455.62	113
455.88	122.6
456.15	97.8
456.41	106.3
456.67	115.5
456.93	90.7
457.19	122.9
457.45	104.5
457.71	127.6
457.97	121.5
458.23	130.9
458.49	120.8
458.75	111.8
459.01	82.1
459.27	118.6
459.53	111.1
459.79	86.5
460.06	105.3
460.32	115.4
460.58	97.1
460.84	90.9
461.1	118.7
461.36	129.4
461.62	114.6
461.88	122.1
462.14	72.4
462.4	100.8
462.66	114
462.92	112.8
463.18	129.5
463.44	112.9
463.7	122.5
463.96	120.7
464.22	121.6
464.48	112.5
464.74	112.7
465.01	108
465.27	110.7
465.53	112
465.79	111.4
466.05	124.2
466.31	144.7
466.57	102.8
466.83	137.4
467.09	88.4
467.35	110.4
467.61	96.7
467.87	104.2
468.13	101.9
468.39	96.1
468.65	104.3
468.91	102.8
469.17	111.6
469.43	116.5
469.69	126.8
469.95	88.4
470.21	98.6
470.47	101.1
470.73	103.9
470.99	97.6
471.25	130.8
471.51	106.5
471.77	121.9
472.03	117.2
472.29	108.8
472.56	80.1
472.82	113.5
473.08	123.9
473.34	103.3
473.6	98.9
473.86	96.7
474.12	101.1
474.38	140.1
474.64	142.3
474.9	106
475.16	104.8
475.42	120.3
475.68	103.2
475.94	96.3
476.2	110.4
476.46	121.5
476.72	101.6
476.98	108.1
477.24	105.2
477.5	118.5
477.76	103.9
478.02	116.5
478.28	111.6
478.54	132.4
478.8	77.5
479.06	115.7
479.32	111.1
479.58	102.3
479.84	75.8
480.1	109.8
480.36	129.8
480.62	117.5
480.88	102.5
481.14	100.1
481.4	93.3
481.66	110.4
481.92	95.2
482.18	92.2
482.44	106.7
482.7	82.6
482.96	73.2
483.22	82.7
483.48	111.9
483.74	104.4
484	89.9
484.26	135.6
484.52	139.7
484.78	138.6
485.04	127.9
485.3	122.1
485.56	99.2
485.82	89.1
486.08	106.3
486.34	93.6
486.59	122.5
486.85	126.3
487.11	111.4
487.37	98.3
487.63	100
487.89	107.2
488.15	88.7
488.41	81.7
488.67	118
488.93	129.4
489.19	102.5
489.45	113.1
489.71	93.9
489.97	97.1
490.23	95.8
490.49	71.9
490.75	115.5
491.01	101.1
491.27	92.5
491.53	129.9
491.79	104.2
492.05	92.9
492.31	90.6
492.57	113.9
492.83	122.2
493.09	99.1
493.35	95.7
493.61	104.8
493.87	91.6
494.12	92.9
494.38	119.1
494.64	105.1
494.9	117.6
495.16	122.2
495.42	102.9
495.68	102.4
495.94	120.8
496.2	106.1
496.46	77
496.72	94.5
496.98	118.6
497.24	122.9
497.5	102.1
497.76	77.5
498.02	93.4
498.28	124
498.54	112.3
498.8	101.1
499.05	102
499.31	124.1
499.57	105.3
499.83	123.1
500.09	115.8
500.35	113.9
500.61	106.6
500.87	108.3
501.13	129.4
501.39	127.1
501.65	109
501.91	126.1
502.17	94.9
502.43	114.5
502.69	113.6
502.94	115.4
503.2	110.1
503.46	111.9
503.72	116.6
503.98	84.4
504.24	94.7
504.5	108.5
504.76	136.9
505.02	122
505.28	92.3
505.54	125.2
505.8	132.4
506.06	113.9
506.31	146.8
506.57	94.2
506.83	120.1
507.09	123.2
507.35	113.5
507.61	121.2
507.87	105.3
508.13	101
508.39	108
508.65	119
508.91	102.9
509.16	108.9
509.42	112.9
509.68	109.5
509.94	97.8
510.2	110.1
510.46	119.6
510.72	106.2
510.98	91.6
511.24	122.8
511.5	89.6
511.75	139.2
512.01	129.6
512.27	96.5
512.53	112.5
512.79	115.9
513.05	121.6
513.31	106.3
513.57	160.5
513.83	128.1
514.09	138.7
514.34	132.6
514.6	126.4
514.86	91.8
515.12	119.5
515.38	129.8
515.64	88.9
515.9	132.5
516.16	121.2
516.42	118.7
516.67	102.7
516.93	127
517.19	115.9
517.45	113.1
517.71	111.2
517.97	124.7
518.23	121.1
518.49	128.3
518.74	126.8
519	117.9
519.26	108.4
519.52	111.2
519.78	113.1
520.04	114
520.3	117.6
520.56	115.6
520.81	99
521.07	123
521.33	121.3
521.59	117.2
521.85	107
522.11	135.8
522.37	134.5
522.62	120
522.88	112.1
523.14	142.9
523.4	120.3
523.66	105.4
523.92	126.2
524.18	125.6
524.44	91.3
524.69	132.1
524.95	120.4
525.21	120.7
525.47	135.5
525.73	139.2
525.99	122.7
526.24	112.3
526.5	124.2
526.76	98.7
527.02	111.8
527.28	146.3
527.54	143.5
527.8	116
528.05	122.4
528.31	130.1
528.57	128
528.83	90.2
529.09	94.5
529.35	88
529.61	133.2
529.86	132.4
530.12	127.8
530.38	108.6
530.64	96.5
530.9	140.4
531.16	120.6
531.41	111.1
531.67	114.8
531.93	117.1
532.19	119.2
532.45	123.8
532.71	111.4
532.96	114.6
533.22	139.4
533.48	150.8
533.74	102.1
534	123.5
534.26	126.1
534.51	110.6
534.77	131.6
535.03	124.6
535.29	129
535.55	125.6
535.8	125.1
536.06	122.2
536.32	160
536.58	101.7
536.84	115.3
537.1	116.5
537.35	116.7
537.61	125.6
537.87	119.3
538.13	107.3
538.39	126.1
538.64	125.5
538.9	139.2
539.16	119.7
539.42	119.9
539.68	138.8
539.94	122.3
540.19	127
540.45	135
540.71	131.3
540.97	131.2
541.23	141.6
541.48	139.9
541.74	129.9
542	149.4
542.26	130.7
542.52	153.7
542.77	149.7
543.03	172.8
543.29	128.9
543.55	107.5
543.81	119.6
544.06	109.7
544.32	151.5
544.58	133.7
544.84	123.7
545.1	112.6
545.35	129.8
545.61	154.6
545.87	135.8
546.13	114.6
546.38	120.4
546.64	125.1
546.9	135
547.16	145.7
547.42	145.2
547.67	133.2
547.93	127.1
548.19	129.2
548.45	143.2
548.71	122
548.96	116
549.22	143.8
549.48	109.5
549.74	140.1
549.99	108.8
550.25	91.7
550.51	104.8
550.77	120
551.03	103.6
551.28	113.7
551.54	118.5
551.8	115.1
552.06	122.4
552.31	120.6
552.57	115.7
552.83	146.8
553.09	124.6
553.34	111
553.6	136.6
553.86	129
554.12	132.8
554.37	125.6
554.63	131.1
554.89	100.2
555.15	112.4
555.41	166.6
555.66	135.1
555.92	138.2
556.18	130.7
556.44	138.1
556.69	148.6
556.95	121
557.21	132.1
557.47	109.9
557.72	97.9
557.98	115
558.24	108.2
558.5	144.4
558.75	140.8
559.01	134.7
559.27	135.5
559.53	118
559.78	105.8
560.04	136.7
560.3	127.8
560.56	129.5
560.81	156.4
561.07	146.6
561.33	102.1
561.58	124.8
561.84	127.8
562.1	130.7
562.36	121.3
562.61	125.7
562.87	153.3
563.13	131.2
563.39	126.5
563.64	110
563.9	145.6
564.16	89.4
564.42	138.2
564.67	121.1
564.93	110.8
565.19	120.2
565.44	158.7
565.7	126.2
565.96	145.8
566.22	123.8
566.47	156.6
566.73	144.1
566.99	143.9
567.25	110.5
567.5	111.6
567.76	142.5
568.02	121.8
568.27	126
568.53	141.1
568.79	124.5
569.05	116.5
569.3	134.9
569.56	126.2
569.82	116.8
570.07	114.4
570.33	120.3
570.59	147.8
570.85	155.4
571.1	148
571.36	166.7
571.62	158.3
571.87	114.8
572.13	132
572.39	127.6
572.64	128.9
572.9	145.8
573.16	101.1
573.42	138.6
573.67	137.4
573.93	166
574.19	112.8
574.44	137.6
574.7	149.8
574.96	127
575.21	148.2
575.47	137.3
575.73	123.9
575.99	129.4
576.24	116.9
576.5	128.3
576.76	134.2
577.01	136
577.27	145.5
577.53	136.2
577.78	139.1
578.04	104.1
578.3	114.6
578.55	109.9
578.81	124.6
579.07	119.9
579.32	128.1
579.58	130.1
579.84	118.1
580.1	144.6
580.35	115.9
580.61	109.1
580.87	122.3
581.12	164.9
581.38	157.3
581.64	152.3
581.89	141.4
582.15	142
582.41	157.9
582.66	124.2
582.92	111.3
583.18	133.3
583.43	113.2
583.69	138.8
583.95	111
584.2	129.7
584.46	149.9
584.72	118.5
584.97	120.6
585.23	134.1
585.49	130.9
585.74	125.7
586	100.6
586.26	146.1
586.51	106
586.77	125.6
587.03	120.5
587.28	138.6
587.54	170.1
587.8	135.3
588.05	121.8
588.31	123
588.56	104.9
588.82	121.2
589.08	123.6
589.33	124.6
589.59	123.8
589.85	118.3
590.1	133.4
590.36	126.4
590.62	132
590.87	129.5
591.13	139.9
591.39	114.3
591.64	122.2
591.9	140.2
592.16	135.1
592.41	126.9
592.67	118.4
592.92	155.7
593.18	139.9
593.44	116.6
593.69	133.5
593.95	130.2
594.21	110.9
594.46	126.3
594.72	103.2
594.97	106.4
595.23	159.1
595.49	104.1
595.74	179.1
596	144.7
596.26	125.6
596.51	122.6
596.77	123.5
597.03	140.2
597.28	138
597.54	139.1
597.79	145
598.05	155.4
598.31	146
598.56	131.4
598.82	104.6
599.07	112.5
599.33	130.3
599.59	101.1
599.84	117.7
600.1	123.6
600.36	122.4
600.61	132.1
600.87	109
601.12	108.1
601.38	123.5
601.64	125
601.89	105.4
602.15	123.6
602.4	104.3
602.66	146.1
602.92	122.7
603.17	123.2
603.43	150.1
603.68	129.3
603.94	125.8
604.2	118.8
604.45	116.4
604.71	97
604.96	164.5
605.22	155.6
605.48	109.1
605.73	105.3
605.99	95.9
606.24	138.1
606.5	136.2
606.76	123.4
607.01	126.9
607.27	138.4
607.52	118.7
607.78	137.9
608.04	103
608.29	137.4
608.55	130.5
608.8	103
609.06	142.7
609.31	131.5
609.57	132.7
609.83	119.8
610.08	113.2
610.34	163.5
610.59	125.8
610.85	126.9
611.11	114.9
611.36	98.1
611.62	126.8
611.87	128
612.13	124.1
612.38	127.6
612.64	168.9
612.9	104.2
613.15	122.9
613.41	115.9
613.66	120.6
613.92	116.5
614.17	106.6
614.43	134
614.69	123.1
614.94	94.3
615.2	105.6
615.45	135.4
615.71	98.3
615.96	120.5
616.22	123.9
616.47	103.3
616.73	114.3
616.99	124.4
617.24	109.5
617.5	158.4
617.75	131.9
618.01	126.8
618.26	132.8
618.52	133
618.77	134.5
619.03	114.2
619.29	131
619.54	129.1
619.8	146.2
620.05	145.8
620.31	131.9
620.56	126.5
620.82	104.5
621.07	112.6
621.33	114.3
621.58	140
621.84	129.2
622.1	111.1
622.35	128.4
622.61	118.8
622.86	143.1
623.12	130.8
623.37	147.1
623.63	105.3
623.88	124.2
624.14	136.6
624.39	118.4
624.65	105
624.9	136.6
625.16	112.1
625.41	130.8
625.67	143.4
625.93	127.3
626.18	117.6
626.44	121
626.69	122.7
626.95	111.4
627.2	108.4
627.46	116.4
627.71	123.8
627.97	116.5
628.22	139
628.48	117.1
628.73	110.7
628.99	113.6
629.24	104.4
629.5	114.5
629.75	156.7
630.01	105.7
630.26	100.7
630.52	107.2
630.77	125.9
631.03	109.2
631.28	119.4
631.54	110.4
631.79	126
632.05	109
632.3	126
632.56	137.2
632.81	104.6
633.07	104.2
633.32	122.9
633.58	138.3
633.83	106.9
634.09	108.3
634.34	119.5
634.6	135.9
634.85	106.1
635.11	110
635.36	111.4
635.62	106.6
635.87	119.3
636.13	116.9
636.38	123.2
636.64	116.1
636.89	106.4
637.15	127
637.4	128.1
637.66	94.8
637.91	103.4
638.17	92.9
638.42	142.3
638.68	135.8
638.93	84.8
639.19	122.1
639.44	117.1
639.7	136.4
639.95	132.7
640.21	109.4
640.46	86.8
640.72	118
640.97	132.7
641.23	137.4
641.48	117.4
641.74	118.5
641.99	139.3
642.25	115.3
642.5	93.1
642.76	125.9
643.01	158.2
643.26	111.4
643.52	110.4
643.77	139.4
644.03	120.7
644.28	112.6
644.54	135.2
644.79	131.9
645.05	125
645.3	106.8
645.56	132.1
645.81	88.3
646.07	97.5
646.32	116.3
646.58	101.4
646.83	114.5
647.08	97.7
647.34	116.6
647.59	143.4
647.85	91.3
648.1	93.7
648.36	105.1
648.61	143.8
648.87	104.8
649.12	122.8
649.37	134.3
649.63	135.7
649.88	129
650.14	119.6
650.39	91.9
650.65	101.3
650.9	114
651.16	126
651.41	85.6
651.67	129.9
651.92	98.5
652.17	101.4
652.43	140.9
652.68	142.4
652.94	99.4
653.19	96.4
653.45	150.9
653.7	110
653.95	134.1
654.21	137.2
654.46	127
654.72	101.8
654.97	132.7
655.23	132.1
655.48	121.3
655.73	139.8
655.99	124.1
656.24	124.8
656.5	118.3
656.75	103.5
657.01	102.9
657.26	101.4
657.51	104.3
657.77	104.9
658.02	88.3
658.28	115.8
658.53	145.3
658.79	135.9
659.04	100.4
659.29	110
659.55	107.3
659.8	107.8
660.06	139.1
660.31	126.8
660.56	78.9
660.82	114.6
661.07	125.5
661.33	114
661.58	133.5
661.83	92.5
662.09	114.8
662.34	97.6
662.6	108.3
662.85	128
663.11	124
663.36	120.8
663.61	117
663.87	96.4
664.12	77.1
664.38	85.5
664.63	131.7
664.88	75.7
665.14	125.7
665.39	105.9
665.65	81.8
665.9	116.4
666.15	116.8
666.41	110.3
666.66	106.1
666.91	107.1
667.17	92.6
667.42	103.7
667.68	137
667.93	109.3
668.18	84.7
668.44	115.2
668.69	111.2
668.95	112.9
669.2	107.5
669.45	112.4
669.71	127.6
669.96	115.5
670.21	109.7
670.47	114.7
670.72	105.7
670.98	112.2
671.23	151
671.48	119
671.74	144.1
671.99	94.8
672.24	105.7
672.5	104.4
672.75	113.7
673.01	94.2
673.26	124.8
673.51	92.7
673.77	132.7
674.02	117.4
674.27	120.6
674.53	102.2
674.78	105
675.04	94.4
675.29	103.4
675.54	119.4
675.8	116.2
676.05	101.3
676.3	81.8
676.56	117.4
676.81	104.3
677.06	121.3
677.32	139.9
677.57	82
677.82	89.1
678.08	78.4
678.33	91
678.59	118.2
678.84	129
679.09	95.6
679.35	147.7
679.6	118.3
679.85	142
680.11	108.8
680.36	111.3
680.61	106.7
680.87	111.6
681.12	94.6
681.37	99.1
681.63	96.5
681.88	105.3
682.13	94.9
682.39	126.5
682.64	140.4
682.89	137.5
683.15	118.6
683.4	139.2
683.65	107
683.91	138.5
684.16	94.4
684.41	96.5
684.67	110.6
684.92	90.2
685.17	91.6
685.43	92.9
685.68	95.8
685.93	109.5
686.19	115.8
686.44	82
686.69	106.8
686.95	99.2
687.2	109.2
687.45	84.5
687.71	110.5
687.96	86.9
688.21	101.4
688.47	128.2
688.72	116.6
688.97	118
689.22	122.1
689.48	120.8
689.73	80
689.98	85.2
690.24	96
690.49	111.4
690.74	124.5
691	120.6
691.25	107.3
691.5	122.5
691.76	110.7
692.01	111.1
692.26	109
692.51	108.1
692.77	112.6
693.02	112.1
693.27	82.7
693.53	126.1
693.78	98.9
694.03	109.7
694.29	84.2
694.54	95.3
694.79	118.7
695.04	144
695.3	93.5
695.55	103.2
695.8	133.9
696.06	113.1
696.31	103.4
696.56	117.7
696.82	138
697.07	102.9
697.32	76
697.57	97.7
697.83	129
698.08	102.3
698.33	123.5
698.59	156.1
698.84	91.4
699.09	104.3
699.34	116.5
699.6	95
699.85	93.7
700.1	95.1
700.35	117.5
700.61	114.4
700.86	133.4
701.11	86.2
701.37	73.4
701.62	116.2
701.87	127.9
702.12	113
702.38	131.2
702.63	112.8
702.88	86.4
703.13	116.2
703.39	103.9
703.64	111.5
703.89	132.7
704.15	134.7
704.4	109.8
704.65	93.4
704.9	89.1
705.16	111.9
705.41	118.4
705.66	92.1
705.91	96.9
706.17	108.8
706.42	123.1
706.67	104.4
706.92	111.1
707.18	112.7
707.43	113.2
707.68	128.1
707.93	91.6
708.19	106.2
708.44	108.7
708.69	105.9
708.94	102.7
709.2	101.3
709.45	114.7
709.7	101.6
709.95	111
710.21	117.1
710.46	108.1
710.71	100.2
710.96	92.1
711.22	122.1
711.47	146.5
711.72	122.8
711.97	135.1
712.22	111.4
712.48	111.4
712.73	92.5
712.98	108.6
713.23	120
713.49	102.4
713.74	114.9
713.99	134.2
714.24	103.9
714.5	97.5
714.75	114.6
715	93.5
715.25	126.2
715.5	91
715.76	100.2
716.01	91.8
716.26	116.3
716.51	131.3
716.77	126.8
717.02	138.6
717.27	96.1
717.52	97.4
717.77	90.9
718.03	115.2
718.28	116.7
718.53	96.5
718.78	99
719.04	101.2
719.29	104.3
719.54	107.6
719.79	122.2
720.04	117.8
720.3	129.9
720.55	117.3
720.8	76.3
721.05	124.4
721.3	125.7
721.56	115
721.81	119.8
722.06	104.6
722.31	101.2
722.56	94.6
722.82	88.7
723.07	121.3
723.32	107.3
723.57	127.4
723.82	109.5
724.08	130.8
724.33	94
724.58	111.4
724.83	121.8
725.08	129.6
725.34	106.5
725.59	101.8
725.84	78.8
726.09	127.4
726.34	125.4
726.59	106.9
726.85	105.1
727.1	106.2
727.35	101.7
727.6	136
727.85	90.1
728.11	105.1
728.36	120.3
728.61	109.6
728.86	99.9
729.11	119.8
729.36	106.1
729.62	85.1
729.87	119
730.12	93.3
730.37	118
730.62	86.3
730.88	77.1
731.13	125
731.38	122.9
731.63	112.8
731.88	140.9
732.13	109.3
732.39	80.8
732.64	100.7
732.89	100.5
733.14	71.5
733.39	93.4
733.64	103.9
733.9	110.6
734.15	103.3
734.4	137.9
734.65	140.3
734.9	86.3
735.15	118.1
735.4	124.6
735.66	107
735.91	106.6
736.16	124.5
736.41	91.3
736.66	87.3
736.91	139.4
737.17	73.5
737.42	120.5
737.67	105.9
737.92	117.6
738.17	130
738.42	111.4
738.67	96.1
738.93	108.5
739.18	112.7
739.43	96.4
739.68	122.1
739.93	114.2
740.18	96.6
740.43	94.3
740.69	91.7
740.94	107.6
741.19	127.7
741.44	118
741.69	92.2
741.94	142.7
742.19	112.6
742.44	87.8
742.7	129.6
742.95	107.3
743.2	105.5
743.45	104.1
743.7	126.2
743.95	110.4
744.2	105.5
744.45	99.9
744.71	109.2
744.96	115.2
745.21	111.5
745.46	122
745.71	108.8
745.96	98.2
746.21	89.4
746.46	105.7
746.72	113.9
746.97	118.6
747.22	104.2
747.47	111.6
747.72	92.5
747.97	90
748.22	120.5
748.47	112.9
748.72	114.4
748.98	121
749.23	121.7
749.48	103.7
749.73	74.1
749.98	115.4
750.23	120.9
750.48	111.7
750.73	103.2
750.98	91.9
751.23	116.6
751.49	97.8
751.74	86.8
751.99	119
752.24	110.4
752.49	121.5
752.74	95.9
752.99	110.7
753.24	121.3
753.49	130.8
753.74	107.5
754	117
754.25	147.3
754.5	126.3
754.75	132.4
755	131.7
755.25	130.5
755.5	113.6
755.75	115.9
756	127.8
756.25	101.2
756.5	107.8
756.75	114.9
757.01	117
757.26	92.3
757.51	119
757.76	100.1
758.01	125.5
758.26	126.4
758.51	123.3
758.76	117.7
759.01	129.3
759.26	109.4
759.51	122.3
759.76	99.8
760.01	125
760.26	131.6
760.52	99.9
760.77	118.7
761.02	94.2
761.27	113.5
761.52	112
761.77	126.4
762.02	87.6
762.27	107.8
762.52	119.3
762.77	98.1
763.02	108.5
763.27	104.5
763.52	131.4
763.77	106.8
764.02	103.9
764.27	109.7
764.53	121.4
764.78	151.7
765.03	115.5
765.28	95.1
765.53	108.4
765.78	139.9
766.03	109.1
766.28	104.6
766.53	124.9
766.78	90.9
767.03	118.1
767.28	96.8
767.53	125.5
767.78	113.8
768.03	119.8
768.28	113.6
768.53	99.5
768.78	143.2
769.03	92.1
769.28	145.6
769.53	132.3
769.78	109.5
770.03	107.7
770.28	143.2
770.54	126.1
770.79	75.6
771.04	103
771.29	122.5
771.54	122.7
771.79	96.6
772.04	117.9
772.29	114.1
772.54	127.3
772.79	95
773.04	86.7
773.29	123.2
773.54	125.9
773.79	131.1
774.04	106.6
774.29	126
774.54	117.2
774.79	106.5
775.04	115.8
775.29	135.3
775.54	112.7
775.79	124
776.04	119.7
776.29	93.4
776.54	136.2
776.79	118.7
777.04	129.5
777.29	139.7
777.54	123.4
777.79	121.9
778.04	140
778.29	110.9
778.54	142.1
778.79	113.3
779.04	105.5
779.29	100.2
779.54	124.4
779.79	135.3
780.04	134.1
780.29	140.6
780.54	96.1
780.79	134.1
781.04	120.3
781.29	104.3
781.54	141.7
781.79	145.8
782.04	131.5
782.29	110
782.54	118.4
782.79	126.2
783.04	119.2
783.29	156.5
783.54	100.4
783.79	108
784.04	108.3
784.29	116.7
784.54	91.3
784.79	113
785.04	140.6
785.29	131.3
785.54	111.6
785.79	131
786.04	140.4
786.29	118.8
786.54	139.2
786.79	127.3
787.04	103.9
787.29	137.2
787.54	138.3
787.79	107.3
788.04	115.1
788.29	162.3
788.53	108.5
788.78	103.1
789.03	125.3
789.28	95.7
789.53	125
789.78	115.8
790.03	110.1
790.28	125
790.53	103
790.78	121.8
791.03	126.5
791.28	110
791.53	130.4
791.78	106.1
792.03	99.6
792.28	132.4
792.53	119.9
792.78	143.5
793.03	122.9
793.28	132.7
793.53	149.6
793.78	117.5
794.03	114.9
794.27	130.6
794.52	137.1
794.77	129.7
795.02	124
795.27	145.6
795.52	111.7
795.77	132.5
796.02	153.9
796.27	126.4
796.52	119
796.77	102.5
797.02	131.9
797.27	120.6
797.52	111.1
797.77	116.2
798.02	129
798.27	113.8
798.51	139
798.76	123.9
799.01	94.7
799.26	115.7
799.51	115.1
799.76	116.2
800.01	134.5
800.26	137.7
800.51	105.3
800.76	150.9
801.01	124.1
801.26	96.3
801.51	143.4
801.76	110.6
802	161.6
802.25	138.3
802.5	124.7
802.75	124.2
803	145.2
803.25	143.7
803.5	134.9
803.75	107.6
804	84.2
804.25	133.6
804.5	136.5
804.74	108.7
804.99	94.8
805.24	150.2
805.49	121.2
805.74	105.9
805.99	186.5
806.24	125.6
806.49	100.1
806.74	117.1
806.99	129.8
807.24	124.7
807.48	114.2
807.73	126.9
807.98	109.6
808.23	121.7
808.48	98.3
808.73	109.3
808.98	121.3
809.23	130.3
809.48	129.1
809.72	140.3
809.97	153.2
810.22	126.9
810.47	125.5
810.72	128.5
810.97	137.3
811.22	99
811.47	135.7
811.72	127.7
811.96	128.2
812.21	148.7
812.46	120.6
812.71	135.5
812.96	149.8
813.21	81.8
813.46	163.9
813.71	112
813.96	145.8
814.2	141.3
814.45	99.5
814.7	140.4
814.95	118.5
815.2	124.3
815.45	142.4
815.7	104.2
815.95	103.8
816.19	130.7
816.44	154.3
816.69	104.3
816.94	153.3
817.19	121.2
817.44	112.9
817.69	125
817.93	92.7
818.18	112.9
818.43	126.9
818.68	103.1
818.93	124.6
819.18	123.4
819.43	96.1
819.67	131
819.92	147.1
820.17	109.4
820.42	115.3
820.67	114
820.92	152.1
821.17	112.5
821.41	135.3
821.66	117.1
821.91	111.5
822.16	151.9
822.41	89.6
822.66	142.9
822.9	155.6
823.15	144.9
823.4	113.3
823.65	116.3
823.9	133.3
824.15	132.4
824.4	129.9
824.64	134.7
824.89	108.4
825.14	136.7
825.39	131
825.64	131.4
825.89	123.1
826.13	107.7
826.38	137.9
826.63	108.7
826.88	111.9
827.13	121.6
827.38	124.1
827.62	115.9
827.87	125.1
828.12	128.3
828.37	122.3
828.62	118
828.86	124.5
829.11	115.5
829.36	147.1
829.61	123.9
829.86	116.5
830.11	137.2
830.35	144.7
830.6	108
830.85	103.1
831.1	125.2
831.35	120.8
831.59	121.3
831.84	122
832.09	120.9
832.34	135.1
832.59	113.2
832.84	152.7
833.08	121.3
833.33	132.7
833.58	138.2
833.83	92.5
834.08	118.4
834.32	120.8
834.57	138.7
834.82	137.4
835.07	121.9
835.32	121.7
835.56	118.5
835.81	118.1
836.06	125
836.31	155.6
836.56	135.3
836.8	156
837.05	126
837.3	129.2
837.55	154.5
837.8	135.7
838.04	120.2
838.29	144.4
838.54	133.6
838.79	137.1
839.03	144.2
839.28	122
839.53	139.3
839.78	101.2
840.03	117.6
840.27	130
840.52	131
840.77	127.7
841.02	105.8
841.26	134.1
841.51	159.8
841.76	111.5
842.01	136.1
842.26	147.6
842.5	112.9
842.75	152.7
843	121.4
843.25	137.2
843.49	146.6
843.74	106.6
843.99	126.5
844.24	137
844.48	133.2
844.73	124.5
844.98	145.1
845.23	119.9
845.48	105.2
845.72	140.4
845.97	124.8
846.22	132.6
846.47	120.8
846.71	135.7
846.96	105.4
847.21	124.6
847.46	124.7
847.7	134.3
847.95	125.3
848.2	150
848.45	137.3
848.69	113.7
848.94	123.3
849.19	138.9
849.44	136.4
849.68	110.7
849.93	130.7
850.18	120.4
850.43	129.5
850.67	155
850.92	130.2
851.17	129.9
851.42	119.6
851.66	131.2
851.91	133.1
852.16	136.2
852.41	141.2
852.65	106
852.9	145.6
853.15	118.8
853.39	102
853.64	133.4
853.89	122.8
854.14	131.6
854.38	136.3
854.63	138.9
854.88	125
855.13	149.9
855.37	122.8
855.62	121.8
855.87	120.3
856.11	133.9
856.36	146.9
856.61	116.5
856.86	113.3
857.1	130.1
857.35	149.3
857.6	103.8
857.85	121.9
858.09	148
858.34	125.1
858.59	106.9
858.83	124.8
859.08	125.2
859.33	156.4
859.58	118.5
859.82	146.5
860.07	102.8
860.32	134.6
860.56	114.1
860.81	113.9
861.06	125.1
861.3	118.7
861.55	118.8
861.8	130.1
862.05	133.9
862.29	142.2
862.54	111.4
862.79	134.9
863.03	146.9
863.28	116.5
863.53	134.8
863.77	128.5
864.02	151.6
864.27	116.6
864.52	127.3
864.76	122.4
865.01	122.1
865.26	112.5
865.5	115.5
865.75	129
866	120.8
866.24	120.5
866.49	115.6
866.74	112.5
866.98	106
867.23	117.7
867.48	110.9
867.72	90.2
867.97	113.2
868.22	113.9
868.46	118.7
868.71	121.7
868.96	119
869.21	111.5
869.45	126.1
869.7	145
869.95	108.5
870.19	127.9
870.44	93.1
870.69	107.3
870.93	142.7
871.18	132
871.43	124.7
871.67	120.7
871.92	162.6
872.17	169.7
872.41	139.5
872.66	96.2
872.91	108.7
873.15	111.7
873.4	119.6
873.64	93.3
873.89	164.5
874.14	112.2
874.38	128.6
874.63	114.5
874.88	120.1
875.12	121.3
875.37	137.3
875.62	162.6
875.86	135.5
876.11	119.6
876.36	137.7
876.6	136.2
876.85	132.5
877.1	175.8
877.34	140.5
877.59	146.3
877.84	104.6
878.08	80.2
878.33	120
878.57	137.4
878.82	141.5
879.07	152.1
879.31	147.5
879.56	152.1
879.81	142.5
880.05	98.8
880.3	116.6
880.55	128.5
880.79	139.2
881.04	123.2
881.28	126.1
881.53	128.5
881.78	107.4
882.02	112.7
882.27	88.5
882.52	123
882.76	123.8
883.01	101.8
883.25	120
883.5	125.6
883.75	110.6
883.99	140.5
884.24	114.6
884.49	132.5
884.73	160
884.98	123.9
885.22	110
885.47	110.9
885.72	113.5
885.96	117
886.21	114.5
886.45	99.8
886.7	165.3
886.95	115.2
887.19	127.6
887.44	134.6
887.69	155
887.93	135.4
888.18	123.5
888.42	136.4
888.67	141.6
888.92	92.4
889.16	125.9
889.41	114.8
889.65	130.5
889.9	125.4
890.15	107.9
890.39	117.6
890.64	120.4
890.88	121.4
891.13	137.5
891.38	115.2
891.62	119.7
891.87	125.1
892.11	113.4
892.36	126.7
892.6	114.2
892.85	124.2
893.1	129.9
893.34	123.9
893.59	103.9
893.83	147.2
894.08	108.2
894.33	104
894.57	111.1
894.82	157.5
895.06	124.1
895.31	112.1
895.55	131.9
895.8	120.9
896.05	146.6
896.29	103.3
896.54	112.8
896.78	114.7
897.03	103.1
897.27	100.6
897.52	100.3
897.77	147.2
898.01	79.2
898.26	135.4
898.5	111.9
898.75	133.9
898.99	92.2
899.24	123.5
899.49	126.6
899.73	116.9
899.98	127.3
900.22	148.6
900.47	127.6
900.71	130.2
900.96	118.5
901.2	116.9
901.45	132.5
901.7	131.1
901.94	92.2
902.19	111.4
902.43	116.2
902.68	109.7
902.92	113.7
903.17	106.8
903.41	115.4
903.66	98.7
903.91	131.5
904.15	112.3
904.4	116.5
904.64	108.9
904.89	89.2
905.13	91.6
905.38	102.9
905.62	118
905.87	148.6
906.11	127.9
906.36	141.5
906.6	121.4
906.85	104.8
907.1	127.1
907.34	132
907.59	114.3
907.83	87.9
908.08	128.6
908.32	104.2
908.57	105.5
908.81	125.5
909.06	111
909.3	113.9
909.55	101.1
909.79	132.7
910.04	128
910.28	118.7
910.53	153.5
910.77	121.9
911.02	110.4
911.26	106.2
911.51	118.9
911.75	132.4
912	110
912.25	122.5
912.49	120.6
912.74	130.1
912.98	95.5
913.23	141.6
913.47	120.6
913.72	117.5
913.96	96.1
914.21	170.4
914.45	111.6
914.7	137
914.94	134.6
915.19	148.7
915.43	125.8
915.68	113.9
915.92	132.6
916.17	137.9
916.41	134.1
916.66	121.8
916.9	117.3
917.15	131.5
917.39	130.7
917.64	124
917.88	115.5
918.13	131.3
918.37	104.2
918.62	125
918.86	106.8
919.11	121.9
919.35	106.8
919.6	126.9
919.84	123.4
920.08	130.8
920.33	121.9
920.57	135.4
920.82	113
921.06	126.6
921.31	88.6
921.55	100.5
921.8	83.1
922.04	90.9
922.29	96.1
922.53	93.6
922.78	142.9
923.02	107
923.27	118.7
923.51	108.5
923.76	83.4
924	128.5
924.25	91.9
924.49	141.5
924.74	127.8
924.98	100.1
925.22	140.3
925.47	105.1
925.71	132.2
925.96	118.8
926.2	126.7
926.45	143.1
926.69	129.7
926.94	127.7
927.18	143.8
927.43	137.2
927.67	126.9
927.92	135.4
928.16	111.2
928.4	106.7
928.65	107.8
928.89	106.2
929.14	135.8
929.38	149.8
929.63	116.4
929.87	109.5
930.12	111.4
930.36	124.6
930.6	130.6
930.85	182
931.09	126.4
931.34	127.3
931.58	116.7
931.83	142.7
932.07	110.9
932.32	108
932.56	154.1
932.8	126.2
933.05	122.3
933.29	122.6
933.54	121.2
933.78	104.3
934.03	119.6
934.27	93.9
934.51	145.8
934.76	113.6
935	135.8
935.25	152.8
935.49	89.9
935.74	107.9
935.98	136.5
936.22	118.6
936.47	117.2
936.71	123.4
936.96	92.7
937.2	104.1
937.45	120
937.69	138.6
937.93	125.9
938.18	133.7
938.42	139.8
938.67	127.1
938.91	122.8
939.15	128.1
939.4	105.9
939.64	96
939.89	115.7
940.13	132.9
940.38	99
940.62	84.1
940.86	124.5
941.11	97.3
941.35	106.7
941.6	113.7
941.84	137.1
942.08	127.2
942.33	99.8
942.57	124.2
942.82	119.6
943.06	121.2
943.3	157.8
943.55	128.8
943.79	108.7
944.04	113
944.28	120.9
944.52	101.9
944.77	125.7
945.01	117.4
945.25	103.4
945.5	128.1
945.74	126.9
945.99	101.1
946.23	126.8
946.47	104.7
946.72	118.6
946.96	110.4
947.21	108.4
947.45	119.3
947.69	151
947.94	117.5
948.18	119.6
948.42	149.3
948.67	138.4
948.91	98.1
949.16	132.1
949.4	133.1
949.64	126.1
949.89	104.6
950.13	118.9
950.37	123.3
950.62	125.4
950.86	120.2
951.11	139
951.35	126
951.59	111.4
951.84	101.1
952.08	140.7
952.32	108.3
952.57	123.7
952.81	122.5
953.05	158.2
953.3	110.2
953.54	113.3
953.78	120.7
954.03	130
954.27	136.7
954.52	127.6
954.76	124.7
955	152.8
955.25	105
955.49	117
955.73	123.4
955.98	130.7
956.22	122
956.46	126.4
956.71	107.9
956.95	119
957.19	137.8
957.44	122
957.68	113.2
957.92	120.1
958.17	137.3
958.41	121.3
958.65	147.3
958.9	128.2
959.14	140.4
959.38	107.5
959.63	102.6
959.87	128.5
960.11	137.6
960.36	104.9
960.6	92.2
960.84	117.8
961.09	123.4
961.33	119.7
961.57	114.2
961.82	168.3
962.06	147.2
962.3	112.7
962.55	68.2
962.79	125.2
963.03	124.3
963.28	98.5
963.52	118.8
963.76	138.7
964.01	130.8
964.25	121.1
964.49	122.7
964.74	122.3
964.98	157.8
965.22	139.7
965.47	118.9
965.71	134.1
965.95	129.8
966.19	120.9
966.44	121.8
966.68	98.3
966.92	126.8
967.17	152.8
967.41	134.2
967.65	89.7
967.9	134.3
968.14	113.9
968.38	125.1
968.62	101.4
968.87	111.3
969.11	122.6
969.35	116.6
969.6	127.5
969.84	89.8
970.08	125.6
970.33	120.6
970.57	103.7
970.81	95
971.05	113
971.3	127.4
971.54	120.9
971.78	138.6
972.03	105.2
972.27	141.3
972.51	110.8
972.75	104.2
973	113.2
973.24	103
973.48	128.3
973.73	114.3
973.97	118.5
974.21	147.9
974.45	120.8
974.7	159.1
974.94	116.6
975.18	127.8
975.42	138.1
975.67	114.9
975.91	99.3
976.15	100.2
976.4	120.2
976.64	130
976.88	109.9
977.12	123.3
977.37	127.6
977.61	99
977.85	134.4
978.09	112.9
978.34	123.8
978.58	124.7
978.82	125.4
979.06	120.5
979.31	152.2
979.55	107.6
979.79	102.5
980.03	110.1
980.28	138.3
980.52	139.2
980.76	144.9
981	159.7
981.25	135.3
981.49	117.1
981.73	93.6
981.97	124.6
982.22	134.2
982.46	108.4
982.7	149.7
982.94	134.8
983.19	107.1
983.43	106.7
983.67	109.1
983.91	97.8
984.16	127.8
984.4	108.9
984.64	115.6
984.88	123.1
985.13	96.3
985.37	111.8
985.61	139.4
985.85	119.1
986.1	148.2
986.34	114.1
986.58	114.9
986.82	170.7
987.06	135.5
987.31	108.7
987.55	110.7
987.79	147.1
988.03	137.6
988.28	90.5
988.52	157.3
988.76	124.7
989	115
989.24	108.4
989.49	88.1
989.73	121.1
989.97	167.8
990.21	119.4
990.46	132.1
990.7	138.5
990.94	125.1
991.18	123.3
991.42	162.5
991.67	104.8
991.91	123.3
992.15	153.5
992.39	119.4
992.63	139.7
992.88	109.3
993.12	92.4
993.36	101.3
993.6	119.6
993.84	129.1
994.09	109.1
994.33	114.5
994.57	101.1
994.81	115.2
995.05	136
995.3	139.3
995.54	155.2
995.78	119.3
996.02	137.7
996.26	107.5
996.51	130.1
996.75	119.5
996.99	102.6
997.23	142.4
997.47	165.3
997.72	137.7
997.96	139.5
998.2	109.5
998.44	108
998.68	106.4
998.92	127.3
999.17	123.5
999.41	112.9
999.65	131.3
999.89	139.8
1000.13	125.6
1000.38	116.5
1000.62	143.9
1000.86	139.5
1001.1	106.2
1001.34	131.4
1001.58	123.6
1001.83	140.6
1002.07	142.2
1002.31	151.6
1002.55	93.7
1002.79	127.3
1003.03	127.6
1003.28	93.4
1003.52	127.1
1003.76	132.8
1004	139.5
1004.24	115
1004.48	136.2
1004.73	121
1004.97	141.7
1005.21	132.1
1005.45	147.7
1005.69	156
1005.93	138.1
1006.17	117.4
1006.42	148.5
1006.66	133.6
1006.9	117.9
1007.14	153.9
1007.38	109.5
1007.62	142.3
1007.87	145.5
1008.11	118.5
1008.35	125.4
1008.59	172.8
1008.83	138.1
1009.07	133.9
1009.31	114.5
1009.56	118.5
1009.8	128.9
1010.04	133
1010.28	111.8
1010.52	162.1
1010.76	156
1011	131.7
1011.24	128.3
1011.49	147.9
1011.73	129.7
1011.97	134.9
1012.21	137.3
1012.45	153.1
1012.69	131.8
1012.93	128.9
1013.18	123.9
1013.42	145.9
1013.66	116.6
1013.9	140.7
1014.14	133.3
1014.38	144.3
1014.62	149.7
1014.86	138.4
1015.1	165.3
1015.35	140.2
1015.59	138.4
1015.83	118.9
1016.07	144.6
1016.31	152.3
1016.55	134.3
1016.79	147.5
1017.03	115.7
1017.28	148.1
1017.52	163.4
1017.76	165.4
1018	119.5
1018.24	130.9
1018.48	159.6
1018.72	125.8
1018.96	174.1
1019.2	146.2
1019.44	137.8
1019.69	159.2
1019.93	170.8
1020.17	145
1020.41	120.9
1020.65	133.1
1020.89	162.6
1021.13	145.2
1021.37	132.5
1021.61	172.3
1021.85	185.1
1022.1	202.4
1022.34	162
1022.58	185
1022.82	189.9
1023.06	163.2
1023.3	200.1
1023.54	161.5
1023.78	165.7
1024.02	185.1
1024.26	168.6
1024.5	164.1
1024.74	173.7
1024.99	188.9
1025.23	159.7
1025.47	150.6
1025.71	171.9
1025.95	176.5
1026.19	192.6
1026.43	184
1026.67	172.8
1026.91	190.9
1027.15	186.4
1027.39	173.3
1027.63	161.4
1027.87	199.7
1028.11	213.6
1028.36	189.9
1028.6	214
1028.84	209.8
1029.08	229.6
1029.32	211.9
1029.56	229.6
1029.8	252.7
1030.04	245.6
1030.28	235.5
1030.52	267.1
1030.76	284.9
1031	281.5
1031.24	269.6
1031.48	262.4
1031.72	331.1
1031.96	283.6
1032.2	310
1032.44	326.2
1032.69	318.3
1032.93	332.5
1033.17	343.2
1033.41	362.7
1033.65	396.1
1033.89	424.3
1034.13	427.4
1034.37	456.3
1034.61	455.5
1034.85	505.8
1035.09	509.3
1035.33	553.2
1035.57	576.7
1035.81	621.5
1036.05	647.1
1036.29	620.4
1036.53	641.6
1036.77	629.4
1037.01	688.4
1037.25	771.2
1037.49	793
1037.73	819
1037.97	816.8
1038.21	851
1038.45	888.9
1038.69	955.7
1038.93	1050.7
1039.17	1127.4
1039.42	1184.1
1039.66	1202.6
1039.9	1305.1
1040.14	1405.7
1040.38	1490.8
1040.62	1595.9
1040.86	1710.9
1041.1	1827.6
1041.34	1930
1041.58	1952.5
1041.82	1972.8
1042.06	2119.1
1042.3	2276.5
1042.54	2477.5
1042.78	2590.9
1043.02	2585.6
1043.26	2633.9
1043.5	2633
1043.74	2925.7
1043.98	3197.1
1044.22	3366.6
1044.46	3556.8
1044.7	3532.4
1044.94	3736.9
1045.18	4122.4
1045.42	4454.9
1045.66	4817.5
1045.9	5128.4
1046.14	5486.7
1046.38	5787.1
1046.62	6041.8
1046.86	6319.4
1047.1	6417.1
1047.34	6804.1
1047.58	7104.6
1047.82	7590.3
1048.06	7475.4
1048.3	7283.5
1048.54	7009.5
1048.78	7263.4
1049.02	7639.9
1049.26	8143.2
1049.5	8118.6
1049.74	7897.1
1049.98	7750.3
1050.21	8272.4
1050.45	8822.7
1050.69	9422.5
1050.93	9681.3
1051.17	9848.1
1051.41	10121.5
1051.65	10518.8
1051.89	10759.9
1052.13	11197.7
1052.37	11297.5
1052.61	11866.6
1052.85	12238.5
1053.09	12456.5
1053.33	12251
1053.57	11785.4
1053.81	11392.4
1054.05	11634.5
1054.29	12169.7
1054.53	12197.6
1054.77	11837.5
1055.01	10996.4
1055.25	10486.3
1055.49	10587.7
1055.73	11026.2
1055.97	11377.7
1056.21	11207.2
1056.45	10832.7
1056.69	10786.2
1056.92	10778.5
1057.16	11087.3
1057.4	11396.4
1057.64	11599.8
1057.88	11744.6
1058.12	11974.8
1058.36	12281.5
1058.6	12427.6
1058.84	12131.7
1059.08	11726.2
1059.32	11499.4
1059.56	11486.1
1059.8	11750.4
1060.04	11809.4
1060.28	11429.8
1060.52	10837.4
1060.76	10158.5
1061	9677.2
1061.23	9377.4
1061.47	9335.5
1061.71	9113.6
1061.95	8816
1062.19	8430.4
1062.43	8113.9
1062.67	7817.8
1062.91	7674.9
1063.15	7761.3
1063.39	7621.2
1063.63	7601.1
1063.87	7481.8
1064.11	7565.3
1064.35	7548.1
1064.58	7566.6
1064.82	7405.1
1065.06	7160.3
1065.3	6996.4
1065.54	6968.2
1065.78	6848.7
1066.02	6674.1
1066.26	6535.6
1066.5	6323.5
1066.74	6041.9
1066.98	5627.4
1067.21	5432
1067.45	5186.5
1067.69	5049.1
1067.93	4816.5
1068.17	4598.5
1068.41	4418.5
1068.65	4263
1068.89	4039.2
1069.13	3877.4
1069.37	3771.8
1069.61	3656.9
1069.84	3502.4
1070.08	3490.4
1070.32	3350.7
1070.56	3367.3
1070.8	3253.4
1071.04	3115.9
1071.28	2961.1
1071.52	2883.9
1071.76	2724.7
1071.99	2655
1072.23	2579.4
1072.47	2449.8
1072.71	2322.2
1072.95	2186.4
1073.19	2051.1
1073.43	1929
1073.67	1809.5
1073.91	1750.9
1074.14	1589.7
1074.38	1552.2
1074.62	1449.1
1074.86	1351.4
1075.1	1286.8
1075.34	1237.6
1075.58	1181.4
1075.82	1151.9
1076.05	1072.9
1076.29	1080.6
1076.53	972.2
1076.77	925.5
1077.01	893.5
1077.25	825.1
1077.49	784
1077.73	763
1077.96	703.9
1078.2	666.6
1078.44	631.7
1078.68	605.3
1078.92	571.1
1079.16	541.8
1079.4	495.4
1079.63	521.6
1079.87	447.8
1080.11	439
1080.35	435.8
1080.59	424.9
1080.83	414.6
1081.07	365.2
1081.3	348.3
1081.54	342.5
1081.78	315.6
1082.02	312.8
1082.26	319.9
1082.5	297.2
1082.74	296
1082.97	295.6
1083.21	284.5
1083.45	288.4
1083.69	248.8
1083.93	261.8
1084.17	247
1084.4	271.4
1084.64	239.6
1084.88	250.8
1085.12	222
1085.36	210.9
1085.6	231.4
1085.84	240.5
1086.07	206.2
1086.31	234.2
1086.55	212.5
1086.79	189.4
1087.03	193
1087.26	194.7
1087.5	177.6
1087.74	207
1087.98	195.4
1088.22	197.5
1088.46	176.3
1088.69	173.6
1088.93	171.8
1089.17	170.8
1089.41	189.2
1089.65	172.5
1089.89	156.4
1090.12	166.2
1090.36	196.1
1090.6	177.2
1090.84	163.4
1091.08	191.5
1091.31	190
1091.55	164.7
1091.79	165.9
1092.03	219
1092.27	182.1
1092.5	163.1
1092.74	144.5
1092.98	162.2
1093.22	141.7
1093.46	133.3
1093.7	153.2
1093.93	195.7
1094.17	139
1094.41	157.6
1094.65	165.8
1094.89	180.2
1095.12	129.8
1095.36	141.4
1095.6	143
1095.84	139.8
1096.07	166.8
1096.31	143.7
1096.55	162.5
1096.79	138.1
1097.03	151.3
1097.26	131.4
1097.5	142.5
1097.74	145.4
1097.98	159.9
1098.22	170.8
1098.45	146.3
1098.69	159.9
1098.93	140.5
1099.17	173
1099.4	124.6
1099.64	140.7
1099.88	126.1
1100.12	159.6
1100.36	128.1
1100.59	151.1
1100.83	144.2
1101.07	125.3
1101.31	189
1101.54	161.6
1101.78	114.9
1102.02	140.8
1102.26	136.4
1102.5	130.4
1102.73	153.3
1102.97	144.9
1103.21	120.4
1103.45	127.4
1103.68	142.7
1103.92	144.8
1104.16	148.1
1104.4	134.3
1104.63	138.5
1104.87	175.6
1105.11	135.9
1105.35	137.6
1105.58	117.9
1105.82	119.6
1106.06	116.9
1106.3	134.1
1106.53	133
1106.77	127.7
1107.01	138
1107.25	126.9
1107.48	115.1
1107.72	115.8
1107.96	126.9
1108.2	142.4
1108.43	132.4
1108.67	111.4
1108.91	134.3
1109.15	131.9
1109.38	127.7
1109.62	152
1109.86	144.1
1110.1	110.7
1110.33	143.8
1110.57	141.1
1110.81	119.4
1111.04	151.5
1111.28	117.1
1111.52	125.6
1111.76	130.5
1111.99	125.1
1112.23	118.4
1112.47	140.1
1112.71	137.2
1112.94	141.7
1113.18	114.8
1113.42	98.2
1113.65	122.9
1113.89	136.9
1114.13	136.1
1114.37	153.1
1114.6	123.3
1114.84	136.1
1115.08	140.5
1115.31	126.3
1115.55	119.6
1115.79	155.1
1116.03	128.8
1116.26	118.2
1116.5	130.2
1116.74	126.6
1116.97	142.1
1117.21	141.4
1117.45	134
1117.69	115.6
1117.92	131.7
1118.16	156.1
1118.4	99.5
1118.63	135.9
1118.87	120.9
1119.11	113.6