194.99	4.1
195.26	4.1
195.52	4.1
195.79	-0.3
196.06	-0.5
196.33	-6.1
196.6	-1.3
196.87	3.4
197.13	-0.5
197.4	-2.4
197.67	0
197.94	0
198.21	-4.4
198.48	0.1
198.74	-3.5
199.01	-2.2
199.28	2.8
199.55	-1.2
199.82	14.9
200.09	3.7
200.35	-5.3
200.62	-3.3
200.89	5.7
201.16	2.4
201.43	-5.1
201.69	-3.5
201.96	-4.8
202.23	-6.9
202.5	4.5
202.77	-1.1
203.04	1
203.3	-0.3
203.57	-14.5
203.84	3.7
204.11	-5.8
204.38	-3.1
204.64	3.8
204.91	4.8
205.18	-0.1
205.45	0.1
205.72	1.7
205.98	8.7
206.25	3.9
206.52	6.7
206.79	5.1
207.06	-6.8
207.32	-1.2
207.59	2.3
207.86	4.6
208.13	-2.8
208.4	-4.9
208.67	5.7
208.93	-6.2
209.2	1.7
209.47	3.7
209.74	-0.9
210	-8.1
210.27	-2.5
210.54	10.1
210.81	-2.5
211.08	-5
211.34	4.2
211.61	3.2
211.88	1
212.15	-5.7
212.42	5.7
212.68	2.8
212.95	-2.7
213.22	5.2
213.49	7.5
213.76	2.1
214.02	11.9
214.29	4.7
214.56	4.9
214.83	0.8
215.09	-3.6
215.36	3.9
215.63	7.3
215.9	-5.4
216.17	-2.5
216.43	-0.6
216.7	3.3
216.97	0
217.24	2.9
217.5	3.9
217.77	3.4
218.04	-4.7
218.31	1.9
218.58	4.3
218.84	6
219.11	8
219.38	2.9
219.65	0.3
219.91	0.7
220.18	5.2
220.45	3.2
220.72	2.7
220.98	2.9
221.25	0.1
221.52	-0.8
221.79	4.6
222.05	5.8
222.32	7.5
222.59	4.7
222.86	-2
223.13	2.6
223.39	-1
223.66	-0.6
223.93	-2.1
224.2	0.8
224.46	4.4
224.73	-6.6
225	7.6
225.27	-2.3
225.53	-3.4
225.8	7.1
226.07	1.3
226.34	-3.3
226.6	-5.1
226.87	-0.2
227.14	1.3
227.41	-3.4
227.67	-0.8
227.94	-4.2
228.21	-0.7
228.48	2.5
228.74	0.1
229.01	0.1
229.28	2.8
229.55	-3.2
229.81	3.6
230.08	2.4
230.35	-4.5
230.61	3.1
230.88	3.1
231.15	2.4
231.42	2.1
231.68	-5.9
231.95	10.2
232.22	-3.6
232.49	3.6
232.75	-5.7
233.02	2.2
233.29	5
233.56	-0.5
233.82	-7.1
234.09	1.7
234.36	1.4
234.62	1.3
234.89	-2.7
235.16	-0.6
235.43	-4.6
235.69	2
235.96	5.4
236.23	0.2
236.5	2.7
236.76	3.6
237.03	1.6
237.3	-6.5
237.56	-3.9
237.83	-4.5
238.1	-1
238.37	6.6
238.63	3.8
238.9	-0.2
239.17	4.6
239.43	8.2
239.7	-0.6
239.97	-8.9
240.24	5.7
240.5	1
240.77	-3.1
241.04	-8.3
241.3	7
241.57	13.6
241.84	5.4
242.1	-0.2
242.37	1.7
242.64	0.6
242.91	-0.3
243.17	-2.8
243.44	-10.7
243.71	2.3
243.97	4.3
244.24	0.2
244.51	6.1
244.77	-1.7
245.04	-4
245.31	-1.4
245.58	1.2
245.84	8.5
246.11	-0.1
246.38	-6.9
246.64	5.6
246.91	7
247.18	4.5
247.44	0
247.71	3.4
247.98	0.1
248.24	-8.8
248.51	-1.6
248.78	-0.6
249.05	-4.9
249.31	-1.8
249.58	-3.3
249.85	4.4
250.11	-5.5
250.38	-2
250.65	-2.7
250.91	-7
251.18	8.2
251.45	-4.7
251.71	6.4
251.98	1.2
252.25	-2
252.51	-1.7
252.78	-4.6
253.05	-0.7
253.31	0.7
253.58	10.9
253.85	2.7
254.11	8.1
254.38	5.3
254.65	2.5
254.91	0.2
255.18	1.7
255.45	-4.3
255.71	6.6
255.98	0.7
256.25	-3.8
256.51	3
256.78	15.3
257.05	4.2
257.31	5.3
257.58	3.7
257.85	5.9
258.11	2.8
258.38	-3.2
258.65	-5.5
258.91	-2.8
259.18	-0.3
259.45	2.9
259.71	7.9
259.98	-1.5
260.25	1.6
260.51	0.9
260.78	5.6
261.05	-1.1
261.31	-4.8
261.58	2.2
261.85	1.8
262.11	3
262.38	-1.8
262.65	1
262.91	2.1
263.18	-9
263.44	1
263.71	3.4
263.98	-3.6
264.24	5.1
264.51	-4
264.78	0.7
265.04	6.5
265.31	5.8
265.58	6.5
265.84	1.5
266.11	-7.4
266.37	1.2
266.64	7.3
266.91	3.4
267.17	-5.5
267.44	4.9
267.71	0.4
267.97	3.1
268.24	-0.1
268.51	-10.2
268.77	-0.3
269.04	0.9
269.3	5.8
269.57	4.4
269.84	-0.7
270.1	1.5
270.37	9.8
270.64	6.6
270.9	0
271.17	-7
271.43	0.4
271.7	-0.1
271.97	-0.1
272.23	4.3
272.5	-1.3
272.77	-4.3
273.03	-2.5
273.3	3
273.56	-0.4
273.83	2.9
274.1	-6.5
274.36	3.1
274.63	4.3
274.89	-6.3
275.16	3.2
275.43	-9.7
275.69	0.8
275.96	5.1
276.23	2.8
276.49	-4.8
276.76	-2.6
277.02	-5.5
277.29	-2.9
277.56	0.7
277.82	0.3
278.09	-2.9
278.35	-3.9
278.62	2.4
278.89	-4
279.15	-3.9
279.42	-0.1
279.68	11.3
279.95	-2.1
280.22	-4.5
280.48	5.1
280.75	0.4
281.01	3.2
281.28	3.4
281.55	2.8
281.81	-6.4
282.08	1
282.34	-5.7
282.61	4.5
282.87	-1
283.14	2
283.41	-1.4
283.67	3.7
283.94	-2.8
284.2	-3.9
284.47	-1.4
284.74	-12.8
285	8.4
285.27	-2.1
285.53	0
285.8	1.7
286.06	-1
286.33	-7.1
286.6	5.6
286.86	3
287.13	-2.9
287.39	-3.1
287.66	1
287.93	1.6
288.19	-1.9
288.46	0.4
288.72	-0.8
288.99	-1.3
289.25	1.5
289.52	7.2
289.79	-2.3
290.05	0.4
290.32	7.1
290.58	7.7
290.85	6.2
291.11	0.6
291.38	2.3
291.64	-2
291.91	3.6
292.18	-0.2
292.44	-12.2
292.71	4.2
292.97	0.5
293.24	-5.1
293.5	9.3
293.77	-4.4
294.04	2
294.3	-2.6
294.57	3.2
294.83	-6.2
295.1	1.8
295.36	6.2
295.63	2.9
295.89	-2.1
296.16	3.3
296.43	2.4
296.69	-0.7
296.96	8.2
297.22	-5.6
297.49	-6.5
297.75	0.8
298.02	-1.4
298.28	1.7
298.55	-8.5
298.81	10.6
299.08	1
299.35	2
299.61	-1.5
299.88	-2.8
300.14	3.1
300.41	-2.3
300.67	7.3
300.94	2.8
301.2	-7.7
301.47	-1.2
301.73	3.2
302	-0.6
302.26	0.8
302.53	-3.8
302.79	-1.5
303.06	0.5
303.33	1.1
303.59	4.3
303.86	-6.1
304.12	1.9
304.39	4
304.65	-0.2
304.92	0.9
305.18	-0.6
305.45	0.7
305.71	0
305.98	-5.9
306.24	1.6
306.51	-5.9
306.77	12.2
307.04	-2.9
307.3	3.4
307.57	-0.9
307.83	-1.3
308.1	-3.2
308.36	-6.5
308.63	0.3
308.89	-1.8
309.16	-6.3
309.43	-2.3
309.69	-4.8
309.96	-3.5
310.22	0.3
310.49	-0.5
310.75	3.5
311.02	-1.5
311.28	-0.5
311.55	-1.5
311.81	4.5
312.08	-2.9
312.34	6.5
312.61	-1
312.87	2.7
313.14	5.7
313.4	-2.5
313.67	-3.2
313.93	-0.4
314.2	-6.8
314.46	6.7
314.73	4.4
314.99	-4.6
315.26	4.5
315.52	-2.3
315.79	6
316.05	9.1
316.32	3.4
316.58	-3.1
316.85	3.2
317.11	4
317.38	2.2
317.64	-5.2
317.91	0.1
318.17	-7.5
318.43	2.9
318.7	-5.4
318.96	0.4
319.23	8.6
319.49	0.7
319.76	0.3
320.02	3.6
320.29	-1
320.55	4.1
320.82	6.3
321.08	0.3
321.35	-3.3
321.61	-5.3
321.88	-0.4
322.14	-3.2
322.41	-2.4
322.67	3.2
322.94	1.6
323.2	7.3
323.47	-2
323.73	-1.7
324	2.5
324.26	5.8
324.52	0.9
324.79	3.2
325.05	9.4
325.32	3
325.58	0.1
325.85	4.7
326.11	6.9
326.38	-2.1
326.64	2.6
326.91	4.7
327.17	5.9
327.44	2.4
327.7	-0.9
327.96	0.1
328.23	4.3
328.49	-7
328.76	1.4
329.02	0.1
329.29	10.1
329.55	-9.3
329.82	4.6
330.08	-0.6
330.35	8
330.61	-1.7
330.87	0.1
331.14	2.2
331.4	3.3
331.67	9.5
331.93	-1.3
332.2	0.4
332.46	3.5
332.73	7.5
332.99	-1.8
333.25	5
333.52	2.5
333.78	-2.9
334.05	1.2
334.31	7.7
334.58	3.5
334.84	4
335.11	4.3
335.37	2.6
335.63	-0.4
335.9	16
336.16	9.3
336.43	8.7
336.69	-1.2
336.96	1.2
337.22	1.1
337.48	4.3
337.75	9.1
338.01	8.2
338.28	8.7
338.54	0.7
338.81	10.6
339.07	9.5
339.33	-3.5
339.6	9.4
339.86	8.5
340.13	2.4
340.39	0.5
340.66	11.7
340.92	13.5
341.18	11.5
341.45	-0.2
341.71	14.6
341.98	4.1
342.24	5.6
342.51	18.1
342.77	15.7
343.03	10.6
343.3	7.4
343.56	13.3
343.83	5.4
344.09	7.4
344.35	7.6
344.62	10.8
344.88	11.2
345.15	16.5
345.41	8.3
345.67	8.3
345.94	17.7
346.2	12.2
346.47	14.6
346.73	7.6
346.99	13.6
347.26	15
347.52	13.3
347.79	17.4
348.05	15.6
348.31	10.4
348.58	15.7
348.84	14
349.11	12.2
349.37	20.8
349.63	26.8
349.9	10.3
350.16	20.5
350.43	8.1
350.69	7.2
350.95	14.1
351.22	17.1
351.48	12.3
351.75	19.7
352.01	15.1
352.27	16
352.54	15.6
352.8	15.9
353.06	5.8
353.33	17.4
353.59	14.4
353.86	22.5
354.12	15.8
354.38	13.6
354.65	20
354.91	12.6
355.18	23.1
355.44	16.8
355.7	17.3
355.97	17.5
356.23	16.6
356.49	15.7
356.76	19.5
357.02	16.7
357.29	5.5
357.55	22.7
357.81	24.5
358.08	18.6
358.34	21.5
358.6	19.5
358.87	17.8
359.13	19.9
359.39	14.5
359.66	16.8
359.92	22
360.19	8.3
360.45	14.7
360.71	15.1
360.98	13.4
361.24	15.9
361.5	14.4
361.77	13.8
362.03	6.6
362.29	10.5
362.56	5.7
362.82	13.9
363.09	8.4
363.35	8.4
363.61	13.2
363.88	8.6
364.14	18.9
364.4	8.3
364.67	6.8
364.93	11.1
365.19	15.2
365.46	9.9
365.72	16.2
365.98	16.7
366.25	16.1
366.51	4.1
366.77	-1.2
367.04	11.7
367.3	11
367.56	3
367.83	9.5
368.09	0.7
368.35	5.2
368.62	0
368.88	0.8
369.14	5
369.41	3.8
369.67	4.8
369.93	6.8
370.2	3.6
370.46	3.2
370.72	6.2
370.99	9.2
371.25	5.3
371.51	1.9
371.78	2
372.04	1.4
372.3	3.9
372.57	2.2
372.83	0.4
373.09	-4.1
373.36	3.9
373.62	7.4
373.88	6
374.15	6.5
374.41	4
374.67	0.9
374.94	3.9
375.2	8.3
375.46	-3.1
375.73	-3.7
375.99	-2.3
376.25	0.4
376.52	5.3
376.78	0
377.04	2.9
377.31	-3.9
377.57	0.9
377.83	-1.8
378.09	9.6
378.36	2.9
378.62	-2.5
378.88	2.7
379.15	0.2
379.41	2
379.67	1.7
379.94	-0.4
380.2	5.7
380.46	-0.5
380.73	-1.5
380.99	5.9
381.25	2.8
381.51	5.5
381.78	-7.6
382.04	-1.8
382.3	2.5
382.57	3.4
382.83	-5.1
383.09	7.2
383.36	5.8
383.62	-3.9
383.88	3.3
384.14	5.9
384.41	-3.2
384.67	1.7
384.93	-3.1
385.2	3.7
385.46	-1.4
385.72	1
385.98	-7.4
386.25	0.7
386.51	-1.5
386.77	7.4
387.04	-0.3
387.3	1.9
387.56	4.1
387.82	4.3
388.09	0.5
388.35	-1.3
388.61	2.3
388.88	-5.7
389.14	6.3
389.4	-8.4
389.66	7.5
389.93	1.3
390.19	7.1
390.45	-0.7
390.71	2.4
390.98	-3.4
391.24	5.8
391.5	-3.2
391.77	-2.5
392.03	7.5
392.29	5.1
392.55	-2.4
392.82	-1.9
393.08	-4.1
393.34	-2.1
393.6	6.6
393.87	7.3
394.13	-7.1
394.39	2
394.65	-0.3
394.92	5.2
395.18	1.8
395.44	9
395.7	2.2
395.97	-1.5
396.23	1.6
396.49	4.4
396.75	6.2
397.02	3.1
397.28	5.7
397.54	0.3
397.8	9
398.07	9.7
398.33	1.4
398.59	2.2
398.85	-3.3
399.12	3.4
399.38	9.5
399.64	3.8
399.9	2
400.17	6.7
400.43	7.4
400.69	6.6
400.95	-1.5
401.22	8
401.48	-1.8
401.74	4.5
402	6.8
402.27	3.3
402.53	5.3
402.79	5.3
403.05	-0.6
403.32	-1.3
403.58	2.2
403.84	12.1
404.1	5.4
404.36	1.5
404.63	-4.8
404.89	10.1
405.15	1.6
405.41	5.4
405.68	8.4
405.94	3.3
406.2	3.6
406.46	-6.3
406.73	9.8
406.99	1.7
407.25	11.2
407.51	9.1
407.77	13
408.04	9.9
408.3	0.9
408.56	3.3
408.82	9.2
409.09	-0.3
409.35	1.4
409.61	1.7
409.87	3.2
410.13	1.4
410.4	6.2
410.66	4.8
410.92	7.3
411.18	4.1
411.44	17.1
411.71	9.2
411.97	4.8
412.23	0.3
412.49	8.6
412.75	4
413.02	6.9
413.28	15.9
413.54	6.4
413.8	4.6
414.06	2.9
414.33	5.3
414.59	6.2
414.85	4.9
415.11	-0.9
415.37	4.6
415.64	8.6
415.9	2.9
416.16	6.2
416.42	0.3
416.68	13.4
416.95	13.4
417.21	5.7
417.47	3.5
417.73	6
417.99	4.5
418.26	1.1
418.52	1.9
418.78	9.8
419.04	0.3
419.3	3.5
419.57	6.6
419.83	7.1
420.09	6.4
420.35	4.9
420.61	3.8
420.87	3.3
421.14	7.8
421.4	-3.5
421.66	3.8
421.92	7.3
422.18	7.8
422.45	3.7
422.71	3.4
422.97	12.5
423.23	7.8
423.49	0.5
423.75	1.6
424.02	3.3
424.28	5.6
424.54	3.1
424.8	-0.3
425.06	9.3
425.32	0.5
425.59	8.2
425.85	10.3
426.11	-6.6
426.37	2.1
426.63	7.1
426.89	8.7
427.16	5.5
427.42	3.2
427.68	2.7
427.94	-2.6
428.2	4.6
428.46	0.2
428.73	2.5
428.99	8.9
429.25	-1.1
429.51	7.3
429.77	-3.9
430.03	0.5
430.29	6.1
430.56	6.2
430.82	-0.2
431.08	2.5
431.34	-5
431.6	-0.3
431.86	-0.2
432.12	-2.4
432.39	-1.5
432.65	10
432.91	10.6
433.17	0
433.43	6.4
433.69	0.2
433.95	1.4
434.22	-3.7
434.48	-2
434.74	-7.2
435	-0.5
435.26	-5.6
435.52	4
435.78	0.8
436.05	7
436.31	-2.3
436.57	4.9
436.83	3.1
437.09	-2.1
437.35	-1.3
437.61	3.2
437.88	3.8
438.14	4.4
438.4	1.8
438.66	2.3
438.92	-0.7
439.18	7.1
439.44	-3.8
439.7	-4.4
439.97	2.9
440.23	7.1
440.49	-1.1
440.75	13.4
441.01	6.2
441.27	-2.7
441.53	-0.1
441.79	0.7
442.05	5.9
442.32	4.2
442.58	-7
442.84	4.1
443.1	1.9
443.36	-1.6
443.62	0.5
443.88	5.5
444.14	1.6
444.4	0.1
444.67	7.9
444.93	-0.6
445.19	-1.5
445.45	3.1
445.71	4.4
445.97	9.1
446.23	0.3
446.49	1.4
446.75	-2.2
447.02	4
447.28	7.1
447.54	7.6
447.8	1.2
448.06	2.6
448.32	-0.3
448.58	2.6
448.84	1.4
449.1	2.6
449.36	6.7
449.62	3.3
449.89	2.7
450.15	-4.5
450.41	4.3
450.67	-3.3
450.93	4.6
451.19	1.7
451.45	2.1
451.71	-1.1
451.97	2
452.23	5.7
452.49	4.5
452.76	-6.2
453.02	-1.9
453.28	7.7
453.54	4.9
453.8	-1.9
454.06	5.6
454.32	0.9
454.58	-8.9
454.84	5.5
455.1	6
455.36	-0.7
455.62	-2
455.88	6.3
456.15	6.9
456.41	0.9
456.67	-2.4
456.93	-3.1
457.19	1.1
457.45	8.5
457.71	3
457.97	5.1
458.23	9.4
458.49	2.8
458.75	1.5
459.01	6.9
459.27	-1.6
459.53	4.1
459.79	-3.1
460.06	0.9
460.32	1.8
460.58	1.6
460.84	6.4
461.1	-2.7
461.36	-3.6
461.62	0.1
461.88	6.8
462.14	1.2
462.4	4.7
462.66	7.2
462.92	2.5
463.18	-6.3
463.44	1.6
463.7	6.9
463.96	2.2
464.22	-2.7
464.48	-1
464.74	8.1
465.01	2.6
465.27	-5
465.53	2.9
465.79	-0.2
466.05	1.9
466.31	-0.9
466.57	-0.2
466.83	2.5
467.09	-2.8
467.35	-0.1
467.61	-1
467.87	5.7
468.13	-3
468.39	5.3
468.65	0.2
468.91	-4.3
469.17	3
469.43	7.2
469.69	4.9
469.95	1.9
470.21	-2.2
470.47	-3.4
470.73	3.3
470.99	6.1
471.25	-0.7
471.51	4.3
471.77	3.3
472.03	-2.7
472.29	3.3
472.56	3.6
472.82	-3.1
473.08	-1.8
473.34	2.1
473.6	6.3
473.86	1.3
474.12	6.4
474.38	5.8
474.64	7.9
474.9	0.3
475.16	3.4
475.42	-2.9
475.68	-5
475.94	-1.2
476.2	7.3
476.46	0.8
476.72	-3.1
476.98	-3.6
477.24	-0.4
477.5	-3.5
477.76	6.9
478.02	-1.6
478.28	2
478.54	2.1
478.8	0.7
479.06	2.5
479.32	0.8
479.58	3.4
479.84	-0.7
480.1	4.5
480.36	-3.7
480.62	4.6
480.88	2.1
481.14	4.1
481.4	-5.8
481.66	-3.1
481.92	2.2
482.18	8.5
482.44	4.1
482.7	-1.2
482.96	5.4
483.22	-3.9
483.48	3.4
483.74	-0.1
484	-4.5
484.26	-3.8
484.52	-2.9
484.78	7.5
485.04	4
485.3	-2
485.56	0.5
485.82	6.9
486.08	5.7
486.34	4.9
486.59	-0.4
486.85	-2.4
487.11	-0.4
487.37	1.7
487.63	3.4
487.89	1.5
488.15	3.3
488.41	-2.8
488.67	1.4
488.93	2.8
489.19	1.9
489.45	-2.4
489.71	0.8
489.97	-1.4
490.23	1.3
490.49	-0.3
490.75	-2.9
491.01	-0.4
491.27	-0.4
491.53	-4.5
491.79	-5
492.05	13.9
492.31	3
492.57	1.2
492.83	-2.9
493.09	-5.3
493.35	0.4
493.61	-1.7
493.87	-0.7
494.12	6.9
494.38	10
494.64	7.9
494.9	-6.2
495.16	1.5
495.42	-0.9
495.68	-2.8
495.94	-11.6
496.2	1.8
496.46	0.2
496.72	-0.4
496.98	2.9
497.24	-1
497.5	6.9
497.76	-5.3
498.02	0.1
498.28	2.7
498.54	-5.1
498.8	4.1
499.05	5.9
499.31	-0.8
499.57	-2.4
499.83	1.7
500.09	3.4
500.35	-3.2
500.61	4.7
500.87	-0.2
501.13	3.1
501.39	-1.7
501.65	-1.6
501.91	4
502.17	-3.4
502.43	0.8
502.69	8.2
502.94	0.9
503.2	1.2
503.46	2.2
503.72	6
503.98	4
504.24	2.2
504.5	-1.6
504.76	-4.8
505.02	0.6
505.28	1.9
505.54	5.8
505.8	4.3
506.06	7.7
506.31	0.7
506.57	-0.7
506.83	5.8
507.09	1
507.35	-2.1
507.61	3.4
507.87	-2.4
508.13	-2.9
508.39	5.3
508.65	10.4
508.91	10.5
509.16	-6.9
509.42	-4.4
509.68	5.9
509.94	-0.8
510.2	3.4
510.46	5.3
510.72	10.2
510.98	16.2
511.24	-2.6
511.5	8.1
511.75	-8.4
512.01	-3.9
512.27	7.7
512.53	2.9
512.79	-3.8
513.05	2.3
513.31	-5.5
513.57	-0.8
513.83	8.2
514.09	7.2
514.34	5.6
514.6	1.3
514.86	6.2
515.12	-2.7
515.38	4
515.64	10.4
515.9	-3.3
516.16	6.8
516.42	-2
516.67	-0.7
516.93	1.1
517.19	-1.3
517.45	4.1
517.71	1.7
517.97	1.3
518.23	3.6
518.49	0.4
518.74	-0.3
519	0.4
519.26	1.8
519.52	5.2
519.78	4
520.04	8.1
520.3	0.3
520.56	3
520.81	-2.2
521.07	9.5
521.33	-0.6
521.59	6.3
521.85	5.6
522.11	3.9
522.37	5.5
522.62	-0.6
522.88	10.2
523.14	6.1
523.4	1.5
523.66	6
523.92	-1.3
524.18	-8.9
524.44	5.9
524.69	-1.5
524.95	3.5
525.21	0.1
525.47	6.3
525.73	0.7
525.99	1.4
526.24	2.1
526.5	-0.5
526.76	11.2
527.02	4.4
527.28	1.3
527.54	9.9
527.8	2.8
528.05	-9.2
528.31	2.4
528.57	3.8
528.83	1.9
529.09	3.6
529.35	-9.4
529.61	6.7
529.86	7.1
530.12	6.6
530.38	3.5
530.64	-1.2
530.9	1.3
531.16	0.8
531.41	-3.9
531.67	10.6
531.93	6.1
532.19	2.2
532.45	6.3
532.71	-5.1
532.96	-3.5
533.22	11.9
533.48	1.8
533.74	8.1
534	-2.3
534.26	3.7
534.51	1.1
534.77	-3.3
535.03	-0.4
535.29	-1
535.55	1.4
535.8	0.2
536.06	3.2
536.32	5.2
536.58	-2.7
536.84	6.2
537.1	0.1
537.35	-3.7
537.61	7
537.87	-0.5
538.13	3.1
538.39	-0.5
538.64	3.3
538.9	2.2
539.16	0.2
539.42	4.7
539.68	-0.4
539.94	2.6
540.19	8.1
540.45	4.8
540.71	9.7
540.97	2.1
541.23	6.2
541.48	-0.2
541.74	8.8
542	4.4
542.26	5.7
542.52	4.7
542.77	0.4
543.03	1.8
543.29	-2.4
543.55	7.3
543.81	2.3
544.06	4.2
544.32	1.9
544.58	1
544.84	-4.9
545.1	7.6
545.35	4.9
545.61	-5
545.87	9.6
546.13	1.5
546.38	2.4
546.64	2.5
546.9	9.2
547.16	3.1
547.42	9.2
547.67	4.1
547.93	7.9
548.19	4.1
548.45	6.8
548.71	7.8
548.96	0.4
549.22	0.1
549.48	9.4
549.74	7.1
549.99	1.7
550.25	-1.5
550.51	1.6
550.77	9.8
551.03	6.4
551.28	3.7
551.54	6.1
551.8	2.1
552.06	2.3
552.31	6
552.57	4.1
552.83	9.3
553.09	10.6
553.34	6.6
553.6	1.7
553.86	4.9
554.12	10.8
554.37	3.9
554.63	13.1
554.89	2.6
555.15	1.6
555.41	4
555.66	3.9
555.92	6.9
556.18	8.8
556.44	4.7
556.69	0.3
556.95	8
557.21	-2.5
557.47	8.3
557.72	12.6
557.98	1.4
558.24	5.8
558.5	7
558.75	3.8
559.01	0.5
559.27	10.9
559.53	1.5
559.78	7.5
560.04	2.6
560.3	1.2
560.56	7.4
560.81	-5.8
561.07	1
561.33	-0.4
561.58	-6.6
561.84	-0.7
562.1	1.3
562.36	-0.4
562.61	3.9
562.87	5.2
563.13	2.7
563.39	-1.3
563.64	-6.7
563.9	2.7
564.16	5.2
564.42	0.7
564.67	6.8
564.93	-0.4
565.19	0.7
565.44	-2.3
565.7	1.5
565.96	3.2
566.22	10.9
566.47	1.5
566.73	2.2
566.99	2.5
567.25	0.6
567.5	6.8
567.76	3.5
568.02	1.4
568.27	0.2
568.53	0.3
568.79	-1.4
569.05	-1.8
569.3	-2.2
569.56	-2.4
569.82	-0.2
570.07	2
570.33	2.3
570.59	-2.3
570.85	8.2
571.1	5.4
571.36	-1.1
571.62	3.7
571.87	5.4
572.13	6.2
572.39	4.9
572.64	9.4
572.9	1.2
573.16	-1.1
573.42	-0.1
573.67	8.5
573.93	4
574.19	-6.5
574.44	10.1
574.7	7.3
574.96	-1.9
575.21	5.8
575.47	-0.2
575.73	6.4
575.99	8.5
576.24	6.3
576.5	-2.6
576.76	17.9
577.01	0.9
577.27	-1.7
577.53	0.7
577.78	6.5
578.04	-1.8
578.3	1.1
578.55	0.2
578.81	1.1
579.07	5.8
579.32	9.9
579.58	-2.7
579.84	3.8
580.1	0.4
580.35	4.1
580.61	7.5
580.87	6.8
581.12	-1.3
581.38	6.3
581.64	4.6
581.89	2.2
582.15	10.7
582.41	4.2
582.66	-1.4
582.92	2.9
583.18	-3.1
583.43	-2.2
583.69	1.8
583.95	2.7
584.2	7
584.46	4.7
584.72	-0.8
584.97	4.1
585.23	5.7
585.49	2.6
585.74	-5.9
586	-2.4
586.26	2.8
586.51	-5.8
586.77	2.4
587.03	6.5
587.28	4.6
587.54	0.7
587.8	8.3
588.05	5.9
588.31	0.2
588.56	-5.7
588.82	5.4
589.08	-2.8
589.33	3.8
589.59	6.2
589.85	1.9
590.1	3.7
590.36	3.5
590.62	0.1
590.87	0.9
591.13	6
591.39	1.9
591.64	3.3
591.9	9.2
592.16	7
592.41	4.3
592.67	-2.6
592.92	2.6
593.18	1.4
593.44	12.8
593.69	2.1
593.95	1.5
594.21	3.2
594.46	1.4
594.72	9
594.97	0.2
595.23	4.4
595.49	2.9
595.74	7.4
596	1.2
596.26	0.4
596.51	3.9
596.77	1.4
597.03	7.8
597.28	-1.3
597.54	11.9
597.79	-0.9
598.05	6
598.31	-1.9
598.56	-3.9
598.82	5.5
599.07	1.2
599.33	8
599.59	-3.3
599.84	-1.9
600.1	3.8
600.36	-3.6
600.61	0.3
600.87	2.7
601.12	-1.5
601.38	-3.9
601.64	15.2
601.89	-0.6
602.15	6.4
602.4	7.9
602.66	-1.6
602.92	1.2
603.17	-4.2
603.43	6.4
603.68	0.6
603.94	2.9
604.2	4.1
604.45	4.3
604.71	-3.1
604.96	3.8
605.22	0.4
605.48	-3.5
605.73	-6
605.99	4.9
606.24	1.6
606.5	3.3
606.76	11.9
607.01	-1.6
607.27	0.3
607.52	-1.4
607.78	5.9
608.04	-3.7
608.29	1.4
608.55	-4.4
608.8	10.1
609.06	-4.2
609.31	1.4
609.57	8.4
609.83	9.4
610.08	-3.2
610.34	1.7
610.59	-0.5
610.85	-0.6
611.11	-2.7
611.36	-9.6
611.62	-3.7
611.87	-4.8
612.13	7.2
612.38	3
612.64	4.2
612.9	-6
613.15	6.4
613.41	2.1
613.66	2.8
613.92	1.6
614.17	3
614.43	-4.9
614.69	0.4
614.94	-2.4
615.2	6.8
615.45	-2
615.71	-4.9
615.96	-1.7
616.22	0.1
616.47	-1.6
616.73	2.3
616.99	9.1
617.24	0.1
617.5	-3.2
617.75	10.2
618.01	1.8
618.26	6
618.52	-1.6
618.77	6.6
619.03	-1.7
619.29	-0.4
619.54	-2.2
619.8	3.9
620.05	3.7
620.31	1.7
620.56	10.1
620.82	7.6
621.07	-3
621.33	-8.8
621.58	6.2
621.84	-1.6
622.1	-3.6
622.35	3.2
622.61	7.9
622.86	1.6
623.12	-2
623.37	0.6
623.63	-1.9
623.88	2
624.14	0.4
624.39	1.8
624.65	4.3
624.9	-8.1
625.16	6.9
625.41	-1.1
625.67	4.3
625.93	-2.5
626.18	-0.7
626.44	-1.5
626.69	5.1
626.95	-1.2
627.2	6.4
627.46	8.9
627.71	-1.7
627.97	0.5
628.22	3.6
628.48	1.8
628.73	7.2
628.99	-9.7
629.24	1.9
629.5	6.9
629.75	-0.2
630.01	1.7
630.26	2.4
630.52	-1.9
630.77	9
631.03	4.7
631.28	-0.1
631.54	5.4
631.79	11.2
632.05	12.1
632.3	6.3
632.56	8.6
632.81	7.1
633.07	2.7
633.32	-7.1
633.58	4.4
633.83	-2.7
634.09	6.1
634.34	5.8
634.6	-7.7
634.85	6.5
635.11	1.7
635.36	-2
635.62	0.5
635.87	1.5
636.13	3.5
636.38	4.4
636.64	-0.1
636.89	3.2
637.15	-5.3
637.4	2.7
637.66	2.6
637.91	-2.6
638.17	-7.6
638.42	-0.9
638.68	-5.5
638.93	-1.7
639.19	-5.2
639.44	2.8
639.7	4.9
639.95	5.6
640.21	-3.9
640.46	-0.7
640.72	-9.9
640.97	-0.4
641.23	-5.9
641.48	1.5
641.74	1.8
641.99	-6.6
642.25	-2.9
642.5	0.3
642.76	2.2
643.01	-3.2
643.26	11
643.52	-3.7
643.77	-0.4
644.03	0.7
644.28	0.5
644.54	-3.1
644.79	-4.2
645.05	8.9
645.3	-0.7
645.56	6.8
645.81	0.9
646.07	3.4
646.32	0.8
646.58	-7.8
646.83	-6.5
647.08	-3.3
647.34	6.3
647.59	3.3
647.85	0.5
648.1	1.5
648.36	5.6
648.61	-5.5
648.87	3.2
649.12	-5.2
649.37	5.7
649.63	7.6
649.88	6.9
650.14	3.4
650.39	-8.5
650.65	-0.6
650.9	1.5
651.16	-1.3
651.41	-5.1
651.67	-3.6
651.92	-1.2
652.17	8.4
652.43	2
652.68	5.9
652.94	3.8
653.19	-2.6
653.45	-5
653.7	2.1
653.95	-2.4
654.21	-0.5
654.46	1.2
654.72	4.9
654.97	1.7
655.23	-2.2
655.48	0.3
655.73	9.7
655.99	2.7
656.24	2.5
656.5	-3.5
656.75	6.9
657.01	2.2
657.26	0.2
657.51	-1.3
657.77	1
658.02	0.5
658.28	9.9
658.53	-2
658.79	-4.1
659.04	-4.8
659.29	2.2
659.55	-6.3
659.8	0.8
660.06	-3.5
660.31	-0.5
660.56	4.7
660.82	-4
661.07	1.2
661.33	8.1
661.58	3.6
661.83	-1.2
662.09	3.2
662.34	-3.6
662.6	2.8
662.85	-4
663.11	2.2
663.36	-3.9
663.61	1.3
663.87	-14.1
664.12	-4.9
664.38	-1.2
664.63	-0.1
664.88	3.7
665.14	3.2
665.39	-0.3
665.65	-0.3
665.9	1.8
666.15	4.8
666.41	5.8
666.66	-2.4
666.91	-7.1
667.17	-1.4
667.42	-2.7
667.68	4.4
667.93	1.3
668.18	4.3
668.44	6.3
668.69	0.5
668.95	4.1
669.2	6.4
669.45	-0.8
669.71	0.8
669.96	0.9
670.21	2.5
670.47	-1
670.72	-1.5
670.98	-0.3
671.23	1.8
671.48	1.3
671.74	5.7
671.99	4.8
672.24	-1.5
672.5	-1
672.75	0.5
673.01	4.7
673.26	5.1
673.51	3.4
673.77	7
674.02	-2
674.27	0.9
674.53	-3.5
674.78	5.3
675.04	6.4
675.29	0.1
675.54	0.5
675.8	3.3
676.05	-0.8
676.3	-2.4
676.56	-0.6
676.81	1.9
677.06	-4.5
677.32	0.5
677.57	-6.3
677.82	0.5
678.08	6.3
678.33	4.6
678.59	-3.5
678.84	-0.7
679.09	5.2
679.35	-0.8
679.6	-0.6
679.85	2
680.11	6.7
680.36	3.4
680.61	3.8
680.87	3.6
681.12	6.2
681.37	-2.1
681.63	2
681.88	-1.5
682.13	9.3
682.39	5.7
682.64	-0.3
682.89	3
683.15	-1.4
683.4	1
683.65	7.7
683.91	2.1
684.16	-2.3
684.41	-2.9
684.67	-5.9
684.92	3.6
685.17	-7.2
685.43	6
685.68	1.8
685.93	6.1
686.19	3.5
686.44	-3.6
686.69	3
686.95	0.6
687.2	-3.4
687.45	-5.3
687.71	-3.1
687.96	-6
688.21	1.8
688.47	-1.5
688.72	-6.3
688.97	1.5
689.22	-8.6
689.48	1.1
689.73	1
689.98	0.3
690.24	1.8
690.49	3.9
690.74	5.5
691	-5
691.25	6.3
691.5	1.9
691.76	-1.5
692.01	7.2
692.26	8.4
692.51	-3.3
692.77	-5.8
693.02	7
693.27	1.5
693.53	-2.6
693.78	6.9
694.03	4.7
694.29	-1.6
694.54	-5.1
694.79	-0.9
695.04	7.2
695.3	-3.9
695.55	6.5
695.8	8.4
696.06	4.8
696.31	1.1
696.56	2.3
696.82	5.2
697.07	-1.6
697.32	-2.5
697.57	3.3
697.83	-1.4
698.08	8.2
698.33	-3.9
698.59	5.8
698.84	3.3
699.09	13.5
699.34	6.3
699.6	-4.2
699.85	5.4
700.1	3.2
700.35	-3.5
700.61	0.1
700.86	4
701.11	1.9
701.37	3
701.62	1.3
701.87	2.8
702.12	4.5
702.38	5.5
702.63	4.8
702.88	0.6
703.13	-5.2
703.39	-0.4
703.64	-0.6
703.89	0.9
704.15	6.7
704.4	1.3
704.65	3.3
704.9	0.1
705.16	1.7
705.41	2.6
705.66	-0.9
705.91	-1.7
706.17	3.7
706.42	2
706.67	15.2
706.92	1.9
707.18	1.7
707.43	0.3
707.68	4.4
707.93	2.6
708.19	6.1
708.44	10.8
708.69	2.9
708.94	7.5
709.2	-0.5
709.45	0
709.7	5.2
709.95	5.1
710.21	2.5
710.46	0.7
710.71	-4.7
710.96	-3.1
711.22	-0.1
711.47	-1.1
711.72	8.6
711.97	-1
712.22	0.9
712.48	4.5
712.73	-1.1
712.98	2.5
713.23	-1.2
713.49	2.5
713.74	4.8
713.99	1
714.24	-0.9
714.5	-2.8
714.75	-2.8
715	-5.5
715.25	0.5
715.5	-8
715.76	3.7
716.01	-3.3
716.26	4.7
716.51	-5.4
716.77	3.7
717.02	0.3
717.27	-6.3
717.52	3.9
717.77	-2.5
718.03	-1.1
718.28	1.9
718.53	5.6
718.78	6.2
719.04	8.2
719.29	0.5
719.54	2.9
719.79	4.9
720.04	-0.7
720.3	2.5
720.55	-3.5
720.8	1.1
721.05	3.5
721.3	-2.9
721.56	1.9
721.81	5.4
722.06	-1.5
722.31	8.1
722.56	2.9
722.82	4.8
723.07	0.6
723.32	1.1
723.57	0.3
723.82	-4.6
724.08	-0.6
724.33	-2.2
724.58	-2.1
724.83	0.5
725.08	-4.8
725.34	7.1
725.59	3.8
725.84	13
726.09	0.6
726.34	5.6
726.59	2.9
726.85	-3.3
727.1	5.1
727.35	-0.2
727.6	-5.2
727.85	-0.3
728.11	8.4
728.36	2.3
728.61	-1.5
728.86	3.6
729.11	0.1
729.36	8.9
729.62	3.8
729.87	0.6
730.12	3.4
730.37	5.7
730.62	-2.4
730.88	1.6
731.13	-1.6
731.38	-1.8
731.63	3.2
731.88	0.9
732.13	6.3
732.39	1.7
732.64	-5.1
732.89	4.5
733.14	-2.1
733.39	-6.4
733.64	5.3
733.9	0.2
734.15	1.7
734.4	1.7
734.65	9.9
734.9	-4.7
735.15	2.5
735.4	-0.3
735.66	0.3
735.91	-10.8
736.16	1.9
736.41	0.9
736.66	8.6
736.91	-3
737.17	2.3
737.42	3.1
737.67	2.3
737.92	8.6
738.17	1
738.42	2.1
738.67	1.3
738.93	3.8
739.18	4
739.43	-7.6
739.68	3.1
739.93	7.6
740.18	10.1
740.43	2
740.69	4.1
740.94	2
741.19	-5.6
741.44	5.4
741.69	3.1
741.94	5.4
742.19	1.8
742.44	3.3
742.7	3.6
742.95	6.2
743.2	-10
743.45	-0.6
743.7	-2.6
743.95	0
744.2	2.9
744.45	2.2
744.71	12.7
744.96	2
745.21	-2.4
745.46	7.1
745.71	2.9
745.96	7.6
746.21	8.8
746.46	1.5
746.72	2.1
746.97	0.6
747.22	0.8
747.47	2.6
747.72	-0.9
747.97	4.9
748.22	-6.4
748.47	-1.4
748.72	-2.4
748.98	6.3
749.23	7.8
749.48	-1.4
749.73	0.6
749.98	3.8
750.23	4.3
750.48	-4.5
750.73	2.7
750.98	-5.1
751.23	0.1
751.49	4
751.74	-3.3
751.99	3.1
752.24	3.9
752.49	-0.5
752.74	6.3
752.99	6.1
753.24	-1.4
753.49	-1.1
753.74	9.5
754	-5.8
754.25	-3.8
754.5	2.4
754.75	7.5
755	8.7
755.25	4
755.5	-3.8
755.75	-3.5
756	-2.6
756.25	2.1
756.5	4.5
756.75	-0.6
757.01	-3
757.26	-2.9
757.51	7.4
757.76	-6.3
758.01	4.8
758.26	3.1
758.51	-1.6
758.76	1.9
759.01	6.7
759.26	-3
759.51	4.3
759.76	1.8
760.01	-4.3
760.26	-2.8
760.52	-3.7
760.77	1.5
761.02	-7.2
761.27	-0.3
761.52	7.4
761.77	-3.3
762.02	-5.2
762.27	1.9
762.52	-6.8
762.77	7.1
763.02	2.6
763.27	9.1
763.52	6.7
763.77	-0.2
764.02	-3.6
764.27	4.5
764.53	9.4
764.78	4.2
765.03	4.5
765.28	6.8
765.53	5.4
765.78	7.2
766.03	8.9
766.28	0.5
766.53	9.5
766.78	11.3
767.03	7.8
767.28	8.6
767.53	6.3
767.78	4.7
768.03	9
768.28	-0.4
768.53	-6.6
768.78	1.2
769.03	7.5
769.28	7.4
769.53	12.1
769.78	1.8
770.03	4.4
770.28	1.5
770.54	8.7
770.79	13.3
771.04	-2.6
771.29	8.3
771.54	7.9
771.79	8.2
772.04	9.6
772.29	-3.9
772.54	-2.1
772.79	5
773.04	10.5
773.29	4.5
773.54	1.9
773.79	3.6
774.04	7.4
774.29	0.4
774.54	10.1
774.79	6.2
775.04	-0.3
775.29	4.3
775.54	5.3
775.79	4.6
776.04	7.4
776.29	7
776.54	7.5
776.79	7.3
777.04	15.4
777.29	6
777.54	1.6
777.79	8.8
778.04	6.1
778.29	13.2
778.54	10.4
778.79	-7.8
779.04	8.7
779.29	3.5
779.54	7.5
779.79	6.7
780.04	7.5
780.29	-1.7
780.54	10.7
780.79	2.3
781.04	-3.2
781.29	4.1
781.54	5.6
781.79	0.5
782.04	10.7
782.29	4.4
782.54	11.9
782.79	6.9
783.04	5.4
783.29	4.5
783.54	13.5
783.79	7.6
784.04	3
784.29	13.9
784.54	3.6
784.79	9.7
785.04	5.2
785.29	5.4
785.54	5.7
785.79	-2.4
786.04	2.3
786.29	11.8
786.54	-4.6
786.79	6.2
787.04	6.1
787.29	6.6
787.54	10.9
787.79	7.9
788.04	5.4
788.29	11.4
788.53	6.1
788.78	9.5
789.03	1.5
789.28	5
789.53	-6.1
789.78	6.4
790.03	-2.7
790.28	13.9
790.53	17.2
790.78	8.1
791.03	4.3
791.28	-5.6
791.53	5.4
791.78	3.6
792.03	7.6
792.28	10
792.53	4.5
792.78	14.4
793.03	8.3
793.28	8.8
793.53	2.9
793.78	10.8
794.03	8.1
794.27	6.6
794.52	7.3
794.77	9.3
795.02	15.2
795.27	9.6
795.52	3.9
795.77	12.4
796.02	5.7
796.27	10.8
796.52	11.5
796.77	6
797.02	11.7
797.27	10
797.52	19.7
797.77	4.7
798.02	10.7
798.27	16.7
798.51	7.3
798.76	17.4
799.01	7.3
799.26	16
799.51	1.9
799.76	6.2
800.01	11.5
800.26	6.8
800.51	7.6
800.76	8.7
801.01	7.9
801.26	7.2
801.51	8.6
801.76	14.6
802	9.2
802.25	12.8
802.5	5.2
802.75	10.3
803	11.2
803.25	14
803.5	10.4
803.75	2.2
804	11.4
804.25	14.3
804.5	16.8
804.74	6.9
804.99	10.9
805.24	6.4
805.49	8.4
805.74	13.1
805.99	15.5
806.24	8.9
806.49	4.8
806.74	8.7
806.99	4.5
807.24	7.3
807.48	11.2
807.73	8.8
807.98	5.7
808.23	9.1
808.48	8.5
808.73	9.1
808.98	14.2
809.23	4.7
809.48	9.3
809.72	18
809.97	4.9
810.22	10.3
810.47	14.4
810.72	14.5
810.97	13.4
811.22	10.4
811.47	10.7
811.72	16.4
811.96	14.8
812.21	15.2
812.46	11.7
812.71	18.4
812.96	13
813.21	19.1
813.46	13.5
813.71	15.9
813.96	8.6
814.2	20.7
814.45	12.8
814.7	10.1
814.95	14.5
815.2	6.4
815.45	3.5
815.7	11.8
815.95	10.9
816.19	13.2
816.44	9.2
816.69	15.5
816.94	12.4
817.19	10.7
817.44	8.2
817.69	9.6
817.93	9.2
818.18	9.9
818.43	7.5
818.68	11.1
818.93	8
819.18	7.8
819.43	11.1
819.67	9.2
819.92	6.8
820.17	11.4
820.42	12.2
820.67	11.3
820.92	7.5
821.17	11.4
821.41	7.2
821.66	7.3
821.91	13
822.16	9.9
822.41	11
822.66	6.6
822.9	9.4
823.15	8.4
823.4	15.4
823.65	13.9
823.9	14.3
824.15	8.1
824.4	12.8
824.64	8.2
824.89	17
825.14	9.6
825.39	15.2
825.64	10.6
825.89	13.2
826.13	9.4
826.38	20.2
826.63	17.3
826.88	9
827.13	14.8
827.38	11.7
827.62	11.3
827.87	10.4
828.12	9.8
828.37	8.7
828.62	9.5
828.86	15.9
829.11	14.3
829.36	9.6
829.61	16.7
829.86	13.6
830.11	8
830.35	18.4
830.6	9.1
830.85	13.1
831.1	11.5
831.35	5.9
831.59	19.1
831.84	15.2
832.09	7.4
832.34	14.4
832.59	11.9
832.84	15.9
833.08	13.1
833.33	12.4
833.58	22.3
833.83	19
834.08	5.6
834.32	15.3
834.57	16.2
834.82	9.3
835.07	16.3
835.32	15.9
835.56	12.6
835.81	19.1
836.06	5.6
836.31	15.2
836.56	16.5
836.8	10.9
837.05	16
837.3	14.6
837.55	19.4
837.8	15.4
838.04	1.8
838.29	9.4
838.54	17.2
838.79	10.8
839.03	9.5
839.28	5.4
839.53	11.1
839.78	6.6
840.03	7.5
840.27	-1.7
840.52	15.8
840.77	5.9
841.02	12.4
841.26	8.1
841.51	20.4
841.76	10.9
842.01	8
842.26	20.2
842.5	11.5
842.75	13.9
843	14.2
843.25	8.5
843.49	21.6
843.74	5.9
843.99	10.3
844.24	10.6
844.48	17.1
844.73	13.5
844.98	15.6
845.23	5.6
845.48	8.9
845.72	3.8
845.97	18
846.22	9.7
846.47	13.7
846.71	10.8
846.96	4
847.21	10.8
847.46	13.6
847.7	10.7
847.95	8.1
848.2	9.6
848.45	18.2
848.69	15.3
848.94	22.4
849.19	7.9
849.44	15.6
849.68	9.2
849.93	7.7
850.18	14.5
850.43	17.7
850.67	17.3
850.92	11.7
851.17	17.2
851.42	16.4
851.66	17
851.91	11.4
852.16	12
852.41	16.4
852.65	12.9
852.9	20.3
853.15	9.4
853.39	11
853.64	18.2
853.89	5.9
854.14	17.3
854.38	12.2
854.63	6.1
854.88	16.7
855.13	15.9
855.37	17.3
855.62	16.9
855.87	16.2
856.11	18.6
856.36	13.5
856.61	8.8
856.86	9.8
857.1	2.4
857.35	8
857.6	13.6
857.85	14.8
858.09	9.6
858.34	16.6
858.59	8
858.83	12.3
859.08	17.1
859.33	14.8
859.58	8.1
859.82	18.9
860.07	8.5
860.32	5.6
860.56	13.8
860.81	12.7
861.06	11.2
861.3	15.9
861.55	14.5
861.8	12.1
862.05	12.1
862.29	7.7
862.54	4.9
862.79	9
863.03	1.4
863.28	13
863.53	12.4
863.77	12.3
864.02	3.8
864.27	11.5
864.52	0.5
864.76	17.8
865.01	-0.1
865.26	10
865.5	14.1
865.75	7.2
866	14.7
866.24	9.2
866.49	7.8
866.74	2.3
866.98	13.2
867.23	11.7
867.48	17.3
867.72	5.4
867.97	9.8
868.22	9.1
868.46	6.5
868.71	7.6
868.96	8.7
869.21	4
869.45	1.3
869.7	7.1
869.95	11.5
870.19	3.5
870.44	9.9
870.69	9.5
870.93	6.5
871.18	7.9
871.43	16.9
871.67	5.3
871.92	1
872.17	8.8
872.41	5
872.66	9.3
872.91	3.7
873.15	-0.6
873.4	8
873.64	1.7
873.89	1
874.14	8.6
874.38	5.4
874.63	13.3
874.88	13.7
875.12	14.6
875.37	4
875.62	10.6
875.86	1
876.11	3.4
876.36	5.1
876.6	4.5
876.85	7.3
877.1	7.5
877.34	13.9
877.59	11.6
877.84	12
878.08	10.4
878.33	10.7
878.57	4.8
878.82	8.3
879.07	9.9
879.31	5.5
879.56	3.6
879.81	3.9
880.05	11.5
880.3	5.6
880.55	9.2
880.79	18.8
881.04	2
881.28	14.3
881.53	4.9
881.78	9.9
882.02	8.7
882.27	2.9
882.52	6.9
882.76	8.5
883.01	11.5
883.25	9.9
883.5	10.4
883.75	-0.2
883.99	9.7
884.24	0.8
884.49	6.9
884.73	6.1
884.98	9.3
885.22	1.7
885.47	4.9
885.72	8.8
885.96	12.1
886.21	9.7
886.45	0.7
886.7	8.6
886.95	0.9
887.19	10.8
887.44	5.7
887.69	8.3
887.93	9.2
888.18	3.6
888.42	4.5
888.67	5.9
888.92	5.8
889.16	9
889.41	12.4
889.65	2.5
889.9	5.6
890.15	4.3
890.39	9.5
890.64	7.7
890.88	6.3
891.13	6.7
891.38	6.7
891.62	11
891.87	2
892.11	12.1
892.36	7.5
892.6	4
892.85	8.3
893.1	5.1
893.34	9.9
893.59	5.8
893.83	6.7
894.08	6.6
894.33	5.1
894.57	3.6
894.82	12.8
895.06	12
895.31	4.5
895.55	10.5
895.8	0.7
896.05	15.9
896.29	4
896.54	11.6
896.78	-1.9
897.03	16.6
897.27	13.6
897.52	-1
897.77	2.6
898.01	13.7
898.26	9.2
898.5	4.1
898.75	-1
898.99	11
899.24	-2.4
899.49	8.8
899.73	8.6
899.98	10.7
900.22	0
900.47	9.2
900.71	8.9
900.96	2.1
901.2	8.1
901.45	2.1
901.7	-4.4
901.94	7.7
902.19	8.4
902.43	12.6
902.68	13.1
902.92	6.9
903.17	9.9
903.41	5
903.66	8
903.91	10.2
904.15	10.5
904.4	9.9
904.64	-2.1
904.89	7.4
905.13	7.8
905.38	2.4
905.62	6.2
905.87	8.9
906.11	4.4
906.36	8.9
906.6	4.7
906.85	7.2
907.1	7.2
907.34	2.7
907.59	8.8
907.83	9
908.08	3.2
908.32	4.9
908.57	-0.6
908.81	12.4
909.06	13.3
909.3	5.3
909.55	1.5
909.79	11.9
910.04	5.1
910.28	1.8
910.53	-0.8
910.77	-2.7
911.02	0.1
911.26	4
911.51	11.4
911.75	5.7
912	8
912.25	7.1
912.49	11
912.74	13.4
912.98	3.6
913.23	12.3
913.47	3.9
913.72	5.4
913.96	-2
914.21	13
914.45	6.2
914.7	5
914.94	2.7
915.19	-2.5
915.43	-0.5
915.68	5.2
915.92	4
916.17	2
916.41	3.2
916.66	5
916.9	8.9
917.15	0.9
917.39	7.9
917.64	0.9
917.88	4.2
918.13	4.4
918.37	7
918.62	15.2
918.86	4.6
919.11	0.9
919.35	17.7
919.6	-3.9
919.84	6.2
920.08	2.1
920.33	7.9
920.57	9.1
920.82	12.1
921.06	5
921.31	4.8
921.55	9.1
921.8	2.2
922.04	14.7
922.29	13.5
922.53	-0.4
922.78	3.2
923.02	7.1
923.27	8.7
923.51	11.4
923.76	7
924	4.2
924.25	8.8
924.49	7
924.74	1.4
924.98	9.1
925.22	5.7
925.47	7.4
925.71	11
925.96	2.8
926.2	-7.6
926.45	7.4
926.69	10.4
926.94	5.9
927.18	6.7
927.43	10.7
927.67	1.8
927.92	4.1
928.16	4.9
928.4	2.5
928.65	5.3
928.89	7.4
929.14	12.8
929.38	9.1
929.63	-4.2
929.87	5.8
930.12	8.2
930.36	15.2
930.6	5.3
930.85	10.1
931.09	3.7
931.34	10.7
931.58	8.8
931.83	2.8
932.07	-2.2
932.32	7.7
932.56	3.5
932.8	2.2
933.05	14.2
933.29	12.1
933.54	0
933.78	0.9
934.03	9.7
934.27	2.8
934.51	6.4
934.76	-5.4
935	10.3
935.25	4.6
935.49	6.7
935.74	4.6
935.98	3.7
936.22	4.1
936.47	-1
936.71	1.3
936.96	7.4
937.2	1.6
937.45	3.2
937.69	18.2
937.93	13.7
938.18	3.6
938.42	8.7
938.67	9.5
938.91	6.4
939.15	4.3
939.4	7.8
939.64	9.8
939.89	7.1
940.13	6.1
940.38	-5.9
940.62	8.5
940.86	2.2
941.11	5.4
941.35	1.3
941.6	12.8
941.84	9.1
942.08	4.2
942.33	9.2
942.57	10.9
942.82	9
943.06	13.8
943.3	11.3
943.55	1.2
943.79	5.9
944.04	5.7
944.28	8.7
944.52	4.1
944.77	1.3
945.01	11.8
945.25	9.1
945.5	4.4
945.74	8.8
945.99	10.9
946.23	-0.8
946.47	0.5
946.72	8.3
946.96	10.9
947.21	3
947.45	8.9
947.69	13
947.94	5.2
948.18	14.1
948.42	3.8
948.67	7.6
948.91	3
949.16	-2.6
949.4	8.1
949.64	2.4
949.89	11.8
950.13	-1.2
950.37	10.3
950.62	4.8
950.86	7.9
951.11	15.3
951.35	-1
951.59	10.5
951.84	11.3
952.08	11.9
952.32	9.7
952.57	1.5
952.81	6.7
953.05	8.3
953.3	9.3
953.54	6.6
953.78	10
954.03	2.5
954.27	13.3
954.52	8.5
954.76	10.1
955	13.3
955.25	1.1
955.49	11.6
955.73	6
955.98	11.1
956.22	12.7
956.46	0.5
956.71	1.6
956.95	6.8
957.19	12.6
957.44	-1
957.68	2.1
957.92	7.9
958.17	15.5
958.41	6.8
958.65	7.8
958.9	10.5
959.14	7.5
959.38	11.7
959.63	-0.6
959.87	9.3
960.11	16.6
960.36	9.7
960.6	7.5
960.84	4
961.09	8.8
961.33	5
961.57	8.3
961.82	10.6
962.06	1.9
962.3	6.6
962.55	12.3
962.79	10
963.03	11.3
963.28	5.1
963.52	9.1
963.76	2.4
964.01	15.2
964.25	6.9
964.49	0.6
964.74	9.2
964.98	6
965.22	1.1
965.47	11.7
965.71	10.2
965.95	4.4
966.19	8.4
966.44	8.5
966.68	2.4
966.92	18.6
967.17	15
967.41	4.2
967.65	6.3
967.9	11.2
968.14	11.6
968.38	9.6
968.62	11.5
968.87	9.5
969.11	13.6
969.35	9.9
969.6	10
969.84	12.5
970.08	7.3
970.33	6.3
970.57	4.4
970.81	9.1
971.05	6.9
971.3	4.2
971.54	10.1
971.78	5.2
972.03	0.1
972.27	12.5
972.51	5.5
972.75	11.3
973	-0.3
973.24	14
973.48	8.6
973.73	13.3
973.97	20.1
974.21	13.6
974.45	11.3
974.7	9.4
974.94	3.8
975.18	5.1
975.42	17.2
975.67	7.4
975.91	8.5
976.15	7.5
976.4	8.1
976.64	6.3
976.88	7.9
977.12	0.1
977.37	6.9
977.61	11.7
977.85	9.8
978.09	-2.2
978.34	10.8
978.58	7.5
978.82	9
979.06	2.2
979.31	6.9
979.55	9.9
979.79	13.2
980.03	4.2
980.28	12
980.52	10.7
980.76	1.8
981	6.1
981.25	6.2
981.49	10
981.73	5.8
981.97	7.2
982.22	3.3
982.46	3.9
982.7	22.8
982.94	14.4
983.19	3.3
983.43	8.8
983.67	6.7
983.91	14.5
984.16	7.1
984.4	12.5
984.64	12.1
984.88	3.6
985.13	3.8
985.37	14.9
985.61	10.1
985.85	19.1
986.1	3.6
986.34	17.4
986.58	10.1
986.82	6.8
987.06	8.9
987.31	16.6
987.55	8.5
987.79	6.4
988.03	14.2
988.28	10.7
988.52	1.2
988.76	10.4
989	11.2
989.24	4.4
989.49	4.5
989.73	4
989.97	2.2
990.21	12.7
990.46	6.8
990.7	9.8
990.94	13.2
991.18	14.3
991.42	5.4
991.67	2.4
991.91	14
992.15	7.6
992.39	8.4
992.63	6.5
992.88	11.2
993.12	13.2
993.36	13.1
993.6	6.1
993.84	5.1
994.09	12.9
994.33	7
994.57	3.7
994.81	7.7
995.05	6.3
995.3	11.9
995.54	11.6
995.78	6.3
996.02	11.7
996.26	6.2
996.51	16.9
996.75	13
996.99	13
997.23	14.5
997.47	6.3
997.72	15.7
997.96	18.8
998.2	13.7
998.44	11.1
998.68	7.7
998.92	15.7
999.17	9.8
999.41	6.1
999.65	12.5
999.89	12.6
1000.13	4.4
1000.38	9.5
1000.62	10.5
1000.86	3.1
1001.1	12.5
1001.34	21
1001.58	6.6
1001.83	15.4
1002.07	11.2
1002.31	7.7
1002.55	9.3
1002.79	13.8
1003.03	0.1
1003.28	12.2
1003.52	10.9
1003.76	12.5
1004	8.6
1004.24	15.7
1004.48	12.1
1004.73	13
1004.97	10.1
1005.21	11.4
1005.45	20.4
1005.69	10.7
1005.93	7.9
1006.17	10.1
1006.42	13.2
1006.66	16.5
1006.9	17.5
1007.14	21
1007.38	16.4
1007.62	17.6
1007.87	20.6
1008.11	13.5
1008.35	13
1008.59	23.4
1008.83	13.8
1009.07	12.6
1009.31	14.4
1009.56	16.9
1009.8	8.1
1010.04	16.9
1010.28	18.1
1010.52	13.3
1010.76	17.7
1011	13.8
1011.24	14.3
1011.49	16.6
1011.73	11.1
1011.97	15.9
1012.21	17
1012.45	22.9
1012.69	21.4
1012.93	18.3
1013.18	18.4
1013.42	19.4
1013.66	21.4
1013.9	10.5
1014.14	22.6
1014.38	21.3
1014.62	23.8
1014.86	25.8
1015.1	24.9
1015.35	29
1015.59	24.2
1015.83	18.3
1016.07	19
1016.31	25.3
1016.55	30.3
1016.79	20.8
1017.03	22.3
1017.28	17.2
1017.52	27.2
1017.76	24.5
1018	25.3
1018.24	25.6
1018.48	21.3
1018.72	34.4
1018.96	13.7
1019.2	24.1
1019.44	18.5
1019.69	31.9
1019.93	26.6
1020.17	23.2
1020.41	21.9
1020.65	33.2
1020.89	26.7
1021.13	24.8
1021.37	25.7
1021.61	25.3
1021.85	30.5
1022.1	34.6
1022.34	32.6
1022.58	29.3
1022.82	31.5
1023.06	29.3
1023.3	29.9
1023.54	31.5
1023.78	29.4
1024.02	39.4
1024.26	36.8
1024.5	30.3
1024.74	37.3
1024.99	37.1
1025.23	34.3
1025.47	37.4
1025.71	33.7
1025.95	39.9
1026.19	37.2
1026.43	39.4
1026.67	35.5
1026.91	40.9
1027.15	42.6
1027.39	30.5
1027.63	49.9
1027.87	45.8
1028.11	47.9
1028.36	50.2
1028.6	50
1028.84	46
1029.08	45.8
1029.32	48.2
1029.56	50.5
1029.8	53.1
1030.04	51.8
1030.28	50.3
1030.52	57.3
1030.76	58.5
1031	62.2
1031.24	64.4
1031.48	59.3
1031.72	57.7
1031.96	56.5
1032.2	62.4
1032.44	68.3
1032.69	61.6
1032.93	68.2
1033.17	64.1
1033.41	73.8
1033.65	79.6
1033.89	77.7
1034.13	83.6
1034.37	80
1034.61	87.8
1034.85	88.5
1035.09	89.9
1035.33	89.1
1035.57	89.2
1035.81	84.3
1036.05	100.6
1036.29	97.1
1036.53	107.5
1036.77	111.7
1037.01	107.8
1037.25	125.7
1037.49	132.9
1037.73	133
1037.97	137.2
1038.21	143.4
1038.45	151.1
1038.69	152.2
1038.93	164.8
1039.17	164.4
1039.42	174.7
1039.66	181.8
1039.9	180.4
1040.14	193.2
1040.38	201.1
1040.62	212.6
1040.86	214
1041.1	223.4
1041.34	238.8
1041.58	259
1041.82	250.1
1042.06	272.3
1042.3	267.1
1042.54	295.2
1042.78	306.2
1043.02	323.2
1043.26	334.6
1043.5	353.1
1043.74	356.1
1043.98	368
1044.22	402.8
1044.46	417.1
1044.7	432.7
1044.94	461.1
1045.18	478.1
1045.42	505.6
1045.66	516.1
1045.9	559.4
1046.14	591.2
1046.38	635.8
1046.62	729.2
1046.86	1000.5
1047.1	1609.2
1047.34	2659
1047.58	4072.6
1047.82	5764.9
1048.06	7254.1
1048.3	8280.3
1048.54	8809.9
1048.78	9203
1049.02	9520.6
1049.26	9812
1049.5	9914.6
1049.74	10074.6
1049.98	10057.4
1050.21	10029.7
1050.45	9794.5
1050.69	9738
1050.93	9720.8
1051.17	10086.5
1051.41	10411
1051.65	10409.3
1051.89	10165.7
1052.13	10510.6
1052.37	10871.1
1052.61	11228.5
1052.85	11154.2
1053.09	11309
1053.33	11708.7
1053.57	11890.4
1053.81	11686.5
1054.05	11438
1054.29	11433.7
1054.53	11491.7
1054.77	11820.4
1055.01	11695.3
1055.25	11764.1
1055.49	11755.7
1055.73	11520
1055.97	11275.3
1056.21	10889.4
1056.45	10482.3
1056.69	10408.6
1056.92	10394.7
1057.16	10315.1
1057.4	9947.5
1057.64	9499.9
1057.88	9156.2
1058.12	8992.1
1058.36	8943.8
1058.6	8986.4
1058.84	8789.5
1059.08	8447.7
1059.32	8326.5
1059.56	8378.9
1059.8	8494.4
1060.04	8333.1
1060.28	8097
1060.52	8005.7
1060.76	8024.4
1061	8097.4
1061.23	8007
1061.47	7844.4
1061.71	7689.6
1061.95	7639.1
1062.19	7501
1062.43	7418.2
1062.67	7226.7
1062.91	7110.7
1063.15	6964.6
1063.39	6754
1063.63	6649
1063.87	6534.8
1064.11	6364.7
1064.35	6165.8
1064.58	5842.5
1064.82	5592.4
1065.06	5353
1065.3	5195.8
1065.54	5072.2
1065.78	4823.7
1066.02	4588.2
1066.26	4346.1
1066.5	4077.3
1066.74	3827.9
1066.98	3385.8
1067.21	2964.4
1067.45	2467.6
1067.69	2000
1067.93	1623.5
1068.17	1320.5
1068.41	1052.3
1068.65	873.6
1068.89	723.7
1069.13	638
1069.37	550.3
1069.61	515
1069.84	484.3
1070.08	455
1070.32	421.3
1070.56	408.5
1070.8	388.1
1071.04	367.7
1071.28	350.5
1071.52	338.7
1071.76	315.2
1071.99	316.6
1072.23	295.5
1072.47	278.5
1072.71	272.6
1072.95	255.7
1073.19	249
1073.43	234.4
1073.67	227.2
1073.91	215.4
1074.14	208.8
1074.38	198.8
1074.62	188.4
1074.86	176.9
1075.1	169.5
1075.34	169.9
1075.58	156.1
1075.82	146.5
1076.05	138.4
1076.29	131
1076.53	120.8
1076.77	129.1
1077.01	118.4
1077.25	109.5
1077.49	107.7
1077.73	101.7
1077.96	104.9
1078.2	101.2
1078.44	85.7
1078.68	89.1
1078.92	89.4
1079.16	84.6
1079.4	78.8
1079.63	74.4
1079.87	77.9
1080.11	76.2
1080.35	62.5
1080.59	66
1080.83	60.3
1081.07	59.1
1081.3	64.9
1081.54	57.8
1081.78	60.9
1082.02	56.7
1082.26	51.6
1082.5	59.7
1082.74	55.8
1082.97	57.1
1083.21	47.2
1083.45	45.1
1083.69	51.5
1083.93	47
1084.17	41.9
1084.4	45.6
1084.64	39
1084.88	42.1
1085.12	38.8
1085.36	42.1
1085.6	40.5
1085.84	41.5
1086.07	40.1
1086.31	40.3
1086.55	33.4
1086.79	38.8
1087.03	39.9
1087.26	28.8
1087.5	27.1
1087.74	33.2
1087.98	28.7
1088.22	35.9
1088.46	30.1
1088.69	36.1
1088.93	31.7
1089.17	32.7
1089.41	30.2
1089.65	28.6
1089.89	31.9
1090.12	22.5
1090.36	33.5
1090.6	38.6
1090.84	30.8
1091.08	36.5
1091.31	27.1
1091.55	21
1091.79	17.8
1092.03	36.5
1092.27	17.2
1092.5	28.7
1092.74	32
1092.98	22
1093.22	25.1
1093.46	28.8
1093.7	28.9
1093.93	20.1
1094.17	28.5
1094.41	22.8
1094.65	13.3
1094.89	27.4
1095.12	23.7
1095.36	23.1
1095.6	28.3
1095.84	22.1
1096.07	25.4
1096.31	18.9
1096.55	19.7
1096.79	20.5
1097.03	28.3
1097.26	22.4
1097.5	18
1097.74	15.3
1097.98	26.8
1098.22	22.8
1098.45	28.4
1098.69	19.5
1098.93	20.5
1099.17	20.1
1099.4	22
1099.64	20.8
1099.88	17.6
1100.12	14.5
1100.36	18.3
1100.59	17.3
1100.83	14.2
1101.07	26.3
1101.31	22.5
1101.54	25.8
1101.78	25.9
1102.02	25.3
1102.26	22.2
1102.5	24.8
1102.73	11.4
1102.97	23.3
1103.21	5.2
1103.45	13.8
1103.68	19.7
1103.92	14.9
1104.16	17.7
1104.4	16.6
1104.63	13.1
1104.87	8.3
1105.11	10.3
1105.35	12.4
1105.58	17.2
1105.82	16
1106.06	26.9
1106.3	19.3
1106.53	12.5
1106.77	19.1
1107.01	15.6
1107.25	20.1
1107.48	10.2
1107.72	17.9
1107.96	17
1108.2	16.5
1108.43	17.6
1108.67	19.7
1108.91	16.5
1109.15	12.3
1109.38	6.8
1109.62	12.5
1109.86	10.4
1110.1	15.4
1110.33	11.8
1110.57	13.4
1110.81	13
1111.04	11.1
1111.28	17.1
1111.52	14.5
1111.76	11.3
1111.99	19.4
1112.23	22.2
1112.47	13.6
1112.71	14.7
1112.94	14
1113.18	14.9
1113.42	11.8
1113.65	12.7
1113.89	13.7
1114.13	18.4
1114.37	9.1
1114.6	6.1
1114.84	11.8
1115.08	12.4
1115.31	16.1
1115.55	11.2
1115.79	14.8
1116.03	25.6
1116.26	11.1
1116.5	5.6
1116.74	20.1
1116.97	15.1
1117.21	7.8
1117.45	9.3
1117.69	8.1
1117.92	23.7
1118.16	21.3
1118.4	8.9
1118.63	9.2
1118.87	18.2
1119.11	9.3