194.99	-87
195.26	-87
195.52	-87
195.79	-1
196.06	12
196.33	9
196.6	2
196.87	-4
197.13	11
197.4	17
197.67	-8
197.94	12
198.21	7
198.48	12
198.74	-15
199.01	-10
199.28	-2
199.55	-14
199.82	-8
200.09	11
200.35	6
200.62	0
200.89	21
201.16	22
201.43	5
201.69	-10
201.96	-3
202.23	42
202.5	16
202.77	11
203.04	6
203.3	-27
203.57	4
203.84	15
204.11	-12
204.38	-17
204.64	-8
204.91	4
205.18	6
205.45	-22
205.72	-18
205.98	17
206.25	7
206.52	9
206.79	0
207.06	20
207.32	3
207.59	15
207.86	6
208.13	20
208.4	20
208.67	5
208.93	-10
209.2	-6
209.47	16
209.74	-9
210	12
210.27	-3
210.54	34
210.81	6
211.08	-24
211.34	3
211.61	-9
211.88	15
212.15	-12
212.42	-11
212.68	-17
212.95	21
213.22	8
213.49	0
213.76	19
214.02	-9
214.29	-19
214.56	-7
214.83	30
215.09	5
215.36	6
215.63	11
215.9	1
216.17	3
216.43	26
216.7	-4
216.97	5
217.24	-2
217.5	-1
217.77	-10
218.04	17
218.31	16
218.58	24
218.84	-16
219.11	7
219.38	-6
219.65	-17
219.91	32
220.18	-2
220.45	-4
220.72	-42
220.98	17
221.25	-19
221.52	2
221.79	1
222.05	27
222.32	2
222.59	-16
222.86	10
223.13	-9
223.39	12
223.66	-6
223.93	17
224.2	-7
224.46	23
224.73	5
225	16
225.27	9
225.53	13
225.8	16
226.07	-20
226.34	-5
226.6	5
226.87	12
227.14	-24
227.41	-26
227.67	-12
227.94	11
228.21	-17
228.48	-11
228.74	11
229.01	12
229.28	-8
229.55	4
229.81	13
230.08	27
230.35	23
230.61	-11
230.88	6
231.15	-15
231.42	-19
231.68	-7
231.95	9
232.22	24
232.49	13
232.75	-12
233.02	-5
233.29	7
233.56	20
233.82	2
234.09	3
234.36	-29
234.62	11
234.89	12
235.16	4
235.43	-2
235.69	-15
235.96	-11
236.23	-10
236.5	13
236.76	10
237.03	-3
237.3	-24
237.56	6
237.83	-22
238.1	14
238.37	21
238.63	9
238.9	18
239.17	23
239.43	2
239.7	5
239.97	0
240.24	1
240.5	10
240.77	-21
241.04	0
241.3	-18
241.57	1
241.84	-18
242.1	12
242.37	-12
242.64	1
242.91	-5
243.17	20
243.44	6
243.71	23
243.97	-12
244.24	0
244.51	16
244.77	14
245.04	22
245.31	12
245.58	-15
245.84	-7
246.11	14
246.38	-1
246.64	-21
246.91	6
247.18	-5
247.44	21
247.71	8
247.98	-13
248.24	-9
248.51	27
248.78	19
249.05	-9
249.31	-2
249.58	-9
249.85	11
250.11	1
250.38	1
250.65	0
250.91	-3
251.18	1
251.45	-1
251.71	-8
251.98	-18
252.25	1
252.51	-17
252.78	10
253.05	-12
253.31	12
253.58	-22
253.85	-17
254.11	8
254.38	-3
254.65	-9
254.91	-2
255.18	-7
255.45	7
255.71	12
255.98	9
256.25	-30
256.51	6
256.78	40
257.05	-31
257.31	1
257.58	-20
257.85	-24
258.11	13
258.38	23
258.65	-8
258.91	-8
259.18	-4
259.45	1
259.71	1
259.98	-7
260.25	-1
260.51	18
260.78	-7
261.05	-3
261.31	-22
261.58	-18
261.85	-27
262.11	-5
262.38	-13
262.65	19
262.91	-6
263.18	5
263.44	-3
263.71	-1
263.98	0
264.24	-8
264.51	14
264.78	42
265.04	-7
265.31	-5
265.58	-18
265.84	15
266.11	10
266.37	5
266.64	2
266.91	9
267.17	-9
267.44	14
267.71	-2
267.97	-3
268.24	-4
268.51	-5
268.77	-7
269.04	-15
269.3	-3
269.57	8
269.84	13
270.1	-17
270.37	31
270.64	1
270.9	0
271.17	34
271.43	-19
271.7	-42
271.97	-16
272.23	1
272.5	19
272.77	32
273.03	0
273.3	-27
273.56	8
273.83	-1
274.1	-10
274.36	8
274.63	15
274.89	19
275.16	28
275.43	-5
275.69	21
275.96	1
276.23	-23
276.49	8
276.76	12
277.02	6
277.29	15
277.56	-19
277.82	1
278.09	41
278.35	8
278.62	2
278.89	-20
279.15	14
279.42	-1
279.68	-13
279.95	18
280.22	5
280.48	29
280.75	-20
281.01	-8
281.28	18
281.55	1
281.81	14
282.08	-2
282.34	7
282.61	-13
282.87	29
283.14	22
283.41	20
283.67	12
283.94	17
284.2	-7
284.47	14
284.74	-14
285	0
285.27	-2
285.53	-14
285.8	29
286.06	3
286.33	-4
286.6	-14
286.86	-5
287.13	1
287.39	3
287.66	9
287.93	4
288.19	-5
288.46	16
288.72	-9
288.99	-4
289.25	-9
289.52	-9
289.79	9
290.05	21
290.32	9
290.58	-13
290.85	1
291.11	26
291.38	-4
291.64	9
291.91	4
292.18	10
292.44	5
292.71	2
292.97	-5
293.24	-3
293.5	30
293.77	-7
294.04	-8
294.3	-17
294.57	25
294.83	-12
295.1	8
295.36	-5
295.63	-3
295.89	11
296.16	-1
296.43	12
296.69	11
296.96	12
297.22	-6
297.49	9
297.75	2
298.02	10
298.28	-13
298.55	-2
298.81	4
299.08	0
299.35	-4
299.61	19
299.88	-8
300.14	-1
300.41	4
300.67	19
300.94	22
301.2	21
301.47	-17
301.73	14
302	26
302.26	-26
302.53	12
302.79	-3
303.06	6
303.33	6
303.59	13
303.86	-10
304.12	-5
304.39	23
304.65	-9
304.92	48
305.18	9
305.45	-3
305.71	15
305.98	-11
306.24	19
306.51	19
306.77	-5
307.04	17
307.3	8
307.57	15
307.83	16
308.1	4
308.36	16
308.63	11
308.89	1
309.16	-6
309.43	-5
309.69	41
309.96	21
310.22	34
310.49	-1
310.75	9
311.02	-23
311.28	22
311.55	23
311.81	-2
312.08	18
312.34	4
312.61	-19
312.87	15
313.14	10
313.4	-7
313.67	-14
313.93	-25
314.2	-6
314.46	14
314.73	21
314.99	7
315.26	37
315.52	12
315.79	12
316.05	8
316.32	13
316.58	-11
316.85	-30
317.11	-10
317.38	0
317.64	29
317.91	-8
318.17	15
318.43	26
318.7	9
318.96	3
319.23	0
319.49	31
319.76	3
320.02	-4
320.29	14
320.55	29
320.82	18
321.08	15
321.35	21
321.61	4
321.88	-9
322.14	-2
322.41	18
322.67	6
322.94	4
323.2	40
323.47	31
323.73	-11
324	36
324.26	-27
324.52	11
324.79	1
325.05	21
325.32	-11
325.58	10
325.85	11
326.11	12
326.38	11
326.64	4
326.91	0
327.17	8
327.44	-9
327.7	19
327.96	15
328.23	12
328.49	9
328.76	11
329.02	4
329.29	1
329.55	23
329.82	18
330.08	39
330.35	10
330.61	17
330.87	45
331.14	27
331.4	3
331.67	16
331.93	12
332.2	16
332.46	26
332.73	17
332.99	31
333.25	19
333.52	17
333.78	39
334.05	13
334.31	2
334.58	35
334.84	18
335.11	-11
335.37	-18
335.63	1
335.9	-6
336.16	35
336.43	-15
336.69	5
336.96	30
337.22	1
337.48	46
337.75	23
338.01	7
338.28	22
338.54	15
338.81	34
339.07	1
339.33	12
339.6	26
339.86	-9
340.13	16
340.39	7
340.66	24
340.92	18
341.18	5
341.45	13
341.71	8
341.98	9
342.24	25
342.51	10
342.77	-9
343.03	22
343.3	-3
343.56	39
343.83	16
344.09	1
344.35	22
344.62	16
344.88	22
345.15	25
345.41	54
345.67	33
345.94	14
346.2	6
346.47	27
346.73	18
346.99	27
347.26	8
347.52	5
347.79	33
348.05	23
348.31	51
348.58	19
348.84	8
349.11	28
349.37	37
349.63	47
349.9	-1
350.16	17
350.43	8
350.69	5
350.95	32
351.22	23
351.48	11
351.75	56
352.01	31
352.27	0
352.54	35
352.8	23
353.06	36
353.33	-6
353.59	4
353.86	4
354.12	5
354.38	17
354.65	-8
354.91	34
355.18	6
355.44	5
355.7	12
355.97	3
356.23	12
356.49	-3
356.76	33
357.02	2
357.29	6
357.55	13
357.81	-1
358.08	3
358.34	19
358.6	17
358.87	26
359.13	4
359.39	11
359.66	19
359.92	-15
360.19	-3
360.45	7
360.71	34
360.98	16
361.24	17
361.5	2
361.77	10
362.03	1
362.29	6
362.56	1
362.82	20
363.09	18
363.35	1
363.61	7
363.88	15
364.14	26
364.4	6
364.67	-7
364.93	-20
365.19	-15
365.46	24
365.72	6
365.98	18
366.25	28
366.51	-1
366.77	4
367.04	23
367.3	-7
367.56	-4
367.83	-8
368.09	-11
368.35	2
368.62	-1
368.88	4
369.14	8
369.41	20
369.67	7
369.93	-7
370.2	31
370.46	7
370.72	6
370.99	9
371.25	-2
371.51	13
371.78	-10
372.04	-17
372.3	-4
372.57	-4
372.83	-5
373.09	0
373.36	-12
373.62	19
373.88	4
374.15	13
374.41	-13
374.67	7
374.94	4
375.2	10
375.46	-6
375.73	-16
375.99	5
376.25	21
376.52	-13
376.78	15
377.04	2
377.31	5
377.57	19
377.83	1
378.09	0
378.36	-1
378.62	-2
378.88	24
379.15	9
379.41	24
379.67	7
379.94	-7
380.2	10
380.46	-17
380.73	4
380.99	18
381.25	17
381.51	-2
381.78	3
382.04	15
382.3	16
382.57	0
382.83	9
383.09	-10
383.36	-7
383.62	22
383.88	-11
384.14	14
384.41	8
384.67	0
384.93	-6
385.2	44
385.46	-24
385.72	8
385.98	9
386.25	26
386.51	6
386.77	24
387.04	10
387.3	-7
387.56	19
387.82	-13
388.09	-19
388.35	8
388.61	-21
388.88	22
389.14	-8
389.4	31
389.66	17
389.93	-36
390.19	-5
390.45	18
390.71	9
390.98	-5
391.24	5
391.5	18
391.77	8
392.03	-6
392.29	-21
392.55	-2
392.82	-5
393.08	19
393.34	3
393.6	5
393.87	-15
394.13	7
394.39	-5
394.65	33
394.92	-31
395.18	25
395.44	13
395.7	29
395.97	19
396.23	2
396.49	-2
396.75	20
397.02	-7
397.28	30
397.54	0
397.8	10
398.07	19
398.33	41
398.59	8
398.85	19
399.12	-19
399.38	15
399.64	1
399.9	15
400.17	6
400.43	0
400.69	3
400.95	9
401.22	-3
401.48	-2
401.74	2
402	14
402.27	-1
402.53	27
402.79	-11
403.05	15
403.32	15
403.58	-10
403.84	-5
404.1	-15
404.36	-5
404.63	9
404.89	-1
405.15	-1
405.41	40
405.68	24
405.94	-5
406.2	14
406.46	14
406.73	6
406.99	19
407.25	15
407.51	13
407.77	2
408.04	0
408.3	0
408.56	4
408.82	-11
409.09	-24
409.35	-12
409.61	-7
409.87	-9
410.13	10
410.4	-9
410.66	13
410.92	-17
411.18	-23
411.44	-2
411.71	13
411.97	-8
412.23	-18
412.49	13
412.75	-10
413.02	0
413.28	24
413.54	-15
413.8	27
414.06	21
414.33	10
414.59	33
414.85	36
415.11	18
415.37	16
415.64	-2
415.9	5
416.16	-6
416.42	8
416.68	64
416.95	9
417.21	15
417.47	11
417.73	-3
417.99	10
418.26	4
418.52	-8
418.78	19
419.04	9
419.3	7
419.57	-5
419.83	10
420.09	-20
420.35	-26
420.61	17
420.87	-27
421.14	1
421.4	12
421.66	26
421.92	12
422.18	30
422.45	6
422.71	32
422.97	-1
423.23	16
423.49	14
423.75	14
424.02	-2
424.28	8
424.54	-4
424.8	7
425.06	-11
425.32	5
425.59	10
425.85	22
426.11	-21
426.37	1
426.63	-14
426.89	-4
427.16	21
427.42	-17
427.68	0
427.94	6
428.2	10
428.46	20
428.73	-9
428.99	6
429.25	0
429.51	0
429.77	-20
430.03	21
430.29	-2
430.56	-6
430.82	6
431.08	24
431.34	6
431.6	20
431.86	-7
432.12	-15
432.39	3
432.65	36
432.91	-10
433.17	2
433.43	7
433.69	-2
433.95	3
434.22	23
434.48	5
434.74	-5
435	20
435.26	7
435.52	16
435.78	29
436.05	16
436.31	21
436.57	-7
436.83	7
437.09	15
437.35	11
437.61	-7
437.88	4
438.14	-14
438.4	16
438.66	18
438.92	14
439.18	31
439.44	22
439.7	31
439.97	-16
440.23	36
440.49	19
440.75	-2
441.01	-8
441.27	1
441.53	28
441.79	15
442.05	-1
442.32	15
442.58	-8
442.84	17
443.1	-5
443.36	-5
443.62	-22
443.88	21
444.14	33
444.4	6
444.67	9
444.93	14
445.19	11
445.45	-17
445.71	15
445.97	20
446.23	21
446.49	24
446.75	-14
447.02	44
447.28	21
447.54	2
447.8	21
448.06	28
448.32	6
448.58	1
448.84	2
449.1	-5
449.36	14
449.62	-5
449.89	9
450.15	13
450.41	3
450.67	1
450.93	21
451.19	5
451.45	28
451.71	25
451.97	14
452.23	19
452.49	9
452.76	-14
453.02	14
453.28	-4
453.54	-4
453.8	13
454.06	11
454.32	10
454.58	14
454.84	0
455.1	-20
455.36	7
455.62	-5
455.88	21
456.15	14
456.41	10
456.67	10
456.93	8
457.19	0
457.45	-5
457.71	31
457.97	6
458.23	12
458.49	7
458.75	-14
459.01	26
459.27	12
459.53	-6
459.79	14
460.06	-16
460.32	38
460.58	-11
460.84	14
461.1	-7
461.36	-23
461.62	-23
461.88	19
462.14	18
462.4	12
462.66	13
462.92	-23
463.18	6
463.44	13
463.7	18
463.96	24
464.22	10
464.48	16
464.74	-3
465.01	-9
465.27	4
465.53	19
465.79	-2
466.05	4
466.31	8
466.57	-12
466.83	-14
467.09	12
467.35	0
467.61	4
467.87	5
468.13	-1
468.39	12
468.65	23
468.91	-17
469.17	-17
469.43	6
469.69	-4
469.95	-3
470.21	21
470.47	14
470.73	16
470.99	6
471.25	13
471.51	5
471.77	-2
472.03	25
472.29	2
472.56	-6
472.82	19
473.08	23
473.34	19
473.6	19
473.86	25
474.12	20
474.38	5
474.64	-17
474.9	1
475.16	13
475.42	31
475.68	6
475.94	-2
476.2	-17
476.46	1
476.72	7
476.98	-7
477.24	-13
477.5	2
477.76	-4
478.02	20
478.28	-14
478.54	7
478.8	25
479.06	-6
479.32	-4
479.58	14
479.84	6
480.1	-5
480.36	0
480.62	12
480.88	-20
481.14	10
481.4	18
481.66	-5
481.92	-22
482.18	7
482.44	6
482.7	-4
482.96	-13
483.22	5
483.48	52
483.74	5
484	-8
484.26	-14
484.52	-7
484.78	14
485.04	5
485.3	17
485.56	33
485.82	40
486.08	18
486.34	-5
486.59	-13
486.85	2
487.11	-13
487.37	1
487.63	7
487.89	35
488.15	13
488.41	28
488.67	-1
488.93	2
489.19	-8
489.45	-1
489.71	6
489.97	-31
490.23	-15
490.49	8
490.75	17
491.01	25
491.27	10
491.53	-9
491.79	1
492.05	-13
492.31	14
492.57	-12
492.83	10
493.09	-10
493.35	-10
493.61	35
493.87	-4
494.12	24
494.38	-3
494.64	1
494.9	5
495.16	-4
495.42	0
495.68	-19
495.94	16
496.2	20
496.46	10
496.72	11
496.98	1
497.24	34
497.5	1
497.76	7
498.02	7
498.28	-7
498.54	-7
498.8	-16
499.05	26
499.31	5
499.57	27
499.83	9
500.09	19
500.35	2
500.61	-8
500.87	15
501.13	5
501.39	-1
501.65	31
501.91	5
502.17	21
502.43	20
502.69	7
502.94	20
503.2	16
503.46	27
503.72	4
503.98	12
504.24	30
504.5	4
504.76	12
505.02	32
505.28	8
505.54	22
505.8	28
506.06	13
506.31	3
506.57	18
506.83	5
507.09	-22
507.35	13
507.61	6
507.87	27
508.13	-2
508.39	24
508.65	2
508.91	5
509.16	6
509.42	5
509.68	0
509.94	11
510.2	27
510.46	38
510.72	-12
510.98	25
511.24	22
511.5	38
511.75	22
512.01	0
512.27	8
512.53	16
512.79	-16
513.05	-11
513.31	15
513.57	38
513.83	-19
514.09	12
514.34	8
514.6	2
514.86	-14
515.12	11
515.38	-8
515.64	0
515.9	34
516.16	15
516.42	27
516.67	23
516.93	25
517.19	33
517.45	-6
517.71	3
517.97	3
518.23	19
518.49	14
518.74	13
519	29
519.26	-12
519.52	-6
519.78	9
520.04	11
520.3	-6
520.56	20
520.81	-8
521.07	1
521.33	4
521.59	3
521.85	18
522.11	-1
522.37	0
522.62	18
522.88	6
523.14	22
523.4	18
523.66	25
523.92	8
524.18	9
524.44	-1
524.69	43
524.95	27
525.21	8
525.47	16
525.73	2
525.99	18
526.24	-13
526.5	-4
526.76	21
527.02	18
527.28	7
527.54	13
527.8	9
528.05	17
528.31	13
528.57	26
528.83	-5
529.09	15
529.35	3
529.61	30
529.86	15
530.12	15
530.38	17
530.64	19
530.9	34
531.16	12
531.41	15
531.67	11
531.93	3
532.19	37
532.45	14
532.71	13
532.96	6
533.22	6
533.48	53
533.74	34
534	13
534.26	6
534.51	-11
534.77	36
535.03	-5
535.29	5
535.55	5
535.8	3
536.06	36
536.32	24
536.58	16
536.84	-7
537.1	4
537.35	13
537.61	34
537.87	1
538.13	18
538.39	24
538.64	23
538.9	-14
539.16	14
539.42	27
539.68	45
539.94	17
540.19	13
540.45	18
540.71	13
540.97	17
541.23	21
541.48	4
541.74	21
542	16
542.26	1
542.52	34
542.77	-2
543.03	21
543.29	28
543.55	5
543.81	6
544.06	31
544.32	8
544.58	4
544.84	29
545.1	30
545.35	28
545.61	16
545.87	38
546.13	22
546.38	31
546.64	-4
546.9	-6
547.16	21
547.42	17
547.67	31
547.93	27
548.19	27
548.45	52
548.71	37
548.96	13
549.22	8
549.48	22
549.74	8
549.99	28
550.25	2
550.51	24
550.77	-4
551.03	26
551.28	14
551.54	12
551.8	5
552.06	25
552.31	31
552.57	14
552.83	18
553.09	16
553.34	19
553.6	11
553.86	51
554.12	25
554.37	6
554.63	30
554.89	33
555.15	23
555.41	42
555.66	18
555.92	11
556.18	13
556.44	7
556.69	39
556.95	37
557.21	12
557.47	37
557.72	16
557.98	25
558.24	-1
558.5	3
558.75	25
559.01	12
559.27	17
559.53	11
559.78	15
560.04	-1
560.3	5
560.56	29
560.81	32
561.07	26
561.33	4
561.58	23
561.84	25
562.1	12
562.36	17
562.61	0
562.87	8
563.13	6
563.39	22
563.64	31
563.9	28
564.16	11
564.42	33
564.67	15
564.93	15
565.19	36
565.44	15
565.7	33
565.96	15
566.22	28
566.47	36
566.73	12
566.99	30
567.25	38
567.5	27
567.76	16
568.02	30
568.27	23
568.53	11
568.79	32
569.05	7
569.3	11
569.56	44
569.82	47
570.07	16
570.33	25
570.59	27
570.85	26
571.1	-11
571.36	11
571.62	27
571.87	17
572.13	29
572.39	36
572.64	19
572.9	17
573.16	12
573.42	20
573.67	26
573.93	21
574.19	18
574.44	23
574.7	11
574.96	13
575.21	39
575.47	14
575.73	12
575.99	13
576.24	17
576.5	30
576.76	8
577.01	45
577.27	23
577.53	4
577.78	2
578.04	24
578.3	25
578.55	38
578.81	14
579.07	17
579.32	11
579.58	9
579.84	10
580.1	27
580.35	27
580.61	26
580.87	23
581.12	35
581.38	13
581.64	15
581.89	-16
582.15	29
582.41	26
582.66	-9
582.92	26
583.18	-21
583.43	17
583.69	-10
583.95	20
584.2	7
584.46	19
584.72	2
584.97	4
585.23	42
585.49	2
585.74	5
586	44
586.26	22
586.51	-8
586.77	4
587.03	30
587.28	16
587.54	-2
587.8	14
588.05	30
588.31	8
588.56	-5
588.82	25
589.08	24
589.33	21
589.59	24
589.85	1
590.1	48
590.36	31
590.62	10
590.87	42
591.13	28
591.39	32
591.64	5
591.9	20
592.16	32
592.41	-12
592.67	31
592.92	28
593.18	44
593.44	24
593.69	2
593.95	23
594.21	41
594.46	36
594.72	11
594.97	16
595.23	-3
595.49	-4
595.74	-13
596	24
596.26	19
596.51	20
596.77	10
597.03	26
597.28	35
597.54	18
597.79	6
598.05	11
598.31	30
598.56	1
598.82	11
599.07	7
599.33	1
599.59	37
599.84	14
600.1	9
600.36	33
600.61	13
600.87	7
601.12	14
601.38	-2
601.64	18
601.89	20
602.15	-2
602.4	22
602.66	26
602.92	38
603.17	33
603.43	43
603.68	11
603.94	33
604.2	25
604.45	1
604.71	27
604.96	26
605.22	1
605.48	19
605.73	15
605.99	9
606.24	1
606.5	18
606.76	44
607.01	7
607.27	11
607.52	26
607.78	-7
608.04	21
608.29	45
608.55	26
608.8	23
609.06	21
609.31	21
609.57	-3
609.83	15
610.08	24
610.34	-14
610.59	3
610.85	17
611.11	7
611.36	4
611.62	23
611.87	17
612.13	31
612.38	25
612.64	27
612.9	2
613.15	9
613.41	31
613.66	3
613.92	13
614.17	3
614.43	13
614.69	41
614.94	18
615.2	25
615.45	24
615.71	12
615.96	18
616.22	-15
616.47	7
616.73	20
616.99	35
617.24	2
617.5	-14
617.75	16
618.01	8
618.26	-4
618.52	-9
618.77	23
619.03	1
619.29	-3
619.54	14
619.8	14
620.05	7
620.31	26
620.56	2
620.82	5
621.07	6
621.33	21
621.58	19
621.84	17
622.1	4
622.35	18
622.61	9
622.86	15
623.12	8
623.37	22
623.63	10
623.88	-18
624.14	30
624.39	13
624.65	8
624.9	42
625.16	0
625.41	20
625.67	15
625.93	3
626.18	10
626.44	-6
626.69	6
626.95	10
627.2	12
627.46	23
627.71	20
627.97	13
628.22	-6
628.48	27
628.73	28
628.99	-4
629.24	-6
629.5	-8
629.75	-2
630.01	22
630.26	-10
630.52	-5
630.77	5
631.03	9
631.28	27
631.54	8
631.79	22
632.05	32
632.3	23
632.56	24
632.81	17
633.07	11
633.32	-14
633.58	-1
633.83	6
634.09	14
634.34	9
634.6	40
634.85	-9
635.11	11
635.36	19
635.62	-10
635.87	12
636.13	8
636.38	49
636.64	-9
636.89	-15
637.15	31
637.4	12
637.66	-7
637.91	16
638.17	1
638.42	4
638.68	26
638.93	7
639.19	-17
639.44	6
639.7	-12
639.95	23
640.21	18
640.46	33
640.72	-1
640.97	-2
641.23	28
641.48	21
641.74	7
641.99	16
642.25	11
642.5	-12
642.76	-1
643.01	-24
643.26	-11
643.52	-9
643.77	14
644.03	-4
644.28	-11
644.54	15
644.79	22
645.05	1
645.3	30
645.56	16
645.81	6
646.07	19
646.32	-16
646.58	1
646.83	10
647.08	5
647.34	16
647.59	18
647.85	20
648.1	11
648.36	10
648.61	-6
648.87	-2
649.12	-10
649.37	23
649.63	19
649.88	14
650.14	13
650.39	4
650.65	4
650.9	-20
651.16	-1
651.41	-35
651.67	-5
651.92	6
652.17	-20
652.43	5
652.68	-25
652.94	-10
653.19	-2
653.45	0
653.7	32
653.95	40
654.21	-11
654.46	8
654.72	-1
654.97	6
655.23	14
655.48	21
655.73	8
655.99	18
656.24	20
656.5	5
656.75	1
657.01	-9
657.26	7
657.51	-3
657.77	-25
658.02	-2
658.28	13
658.53	12
658.79	28
659.04	-4
659.29	16
659.55	10
659.8	-3
660.06	9
660.31	-20
660.56	-27
660.82	17
661.07	22
661.33	16
661.58	3
661.83	25
662.09	21
662.34	-4
662.6	-4
662.85	13
663.11	28
663.36	5
663.61	-10
663.87	15
664.12	-6
664.38	14
664.63	-25
664.88	17
665.14	-21
665.39	-10
665.65	26
665.9	19
666.15	2
666.41	27
666.66	1
666.91	-4
667.17	-14
667.42	-6
667.68	14
667.93	17
668.18	-1
668.44	1
668.69	9
668.95	-3
669.2	20
669.45	14
669.71	21
669.96	3
670.21	10
670.47	31
670.72	19
670.98	-10
671.23	13
671.48	-9
671.74	21
671.99	3
672.24	26
672.5	9
672.75	-3
673.01	12
673.26	-17
673.51	15
673.77	0
674.02	-17
674.27	-18
674.53	10
674.78	5
675.04	12
675.29	-1
675.54	34
675.8	-14
676.05	5
676.3	22
676.56	0
676.81	-17
677.06	23
677.32	37
677.57	19
677.82	12
678.08	26
678.33	-5
678.59	-17
678.84	-8
679.09	-1
679.35	4
679.6	20
679.85	-12
680.11	7
680.36	38
680.61	-6
680.87	-4
681.12	6
681.37	-33
681.63	-3
681.88	-21
682.13	3
682.39	8
682.64	10
682.89	23
683.15	12
683.4	23
683.65	-5
683.91	8
684.16	6
684.41	25
684.67	-16
684.92	-12
685.17	-13
685.43	6
685.68	-17
685.93	-6
686.19	13
686.44	14
686.69	17
686.95	-14
687.2	9
687.45	-2
687.71	15
687.96	6
688.21	-24
688.47	15
688.72	14
688.97	5
689.22	0
689.48	3
689.73	18
689.98	-3
690.24	-10
690.49	1
690.74	4
691	14
691.25	-9
691.5	-7
691.76	19
692.01	2
692.26	5
692.51	9
692.77	-13
693.02	5
693.27	-1
693.53	17
693.78	-2
694.03	7
694.29	1
694.54	17
694.79	4
695.04	2
695.3	27
695.55	16
695.8	-3
696.06	-19
696.31	-7
696.56	-1
696.82	24
697.07	-2
697.32	0
697.57	1
697.83	9
698.08	10
698.33	22
698.59	-10
698.84	-33
699.09	18
699.34	22
699.6	-25
699.85	-14
700.1	14
700.35	4
700.61	4
700.86	3
701.11	-3
701.37	33
701.62	5
701.87	-13
702.12	13
702.38	2
702.63	8
702.88	-14
703.13	28
703.39	4
703.64	5
703.89	8
704.15	15
704.4	19
704.65	8
704.9	-11
705.16	7
705.41	10
705.66	7
705.91	18
706.17	-22
706.42	-9
706.67	9
706.92	10
707.18	8
707.43	-3
707.68	2
707.93	15
708.19	20
708.44	4
708.69	-10
708.94	5
709.2	3
709.45	-4
709.7	10
709.95	23
710.21	8
710.46	-5
710.71	-3
710.96	5
711.22	27
711.47	-26
711.72	-11
711.97	16
712.22	-10
712.48	12
712.73	12
712.98	14
713.23	18
713.49	-12
713.74	-3
713.99	10
714.24	14
714.5	21
714.75	1
715	0
715.25	3
715.5	-14
715.76	-12
716.01	-14
716.26	8
716.51	-6
716.77	0
717.02	-10
717.27	-14
717.52	8
717.77	4
718.03	-7
718.28	37
718.53	22
718.78	-6
719.04	10
719.29	37
719.54	-20
719.79	32
720.04	-7
720.3	-13
720.55	11
720.8	-28
721.05	-6
721.3	-18
721.56	11
721.81	9
722.06	8
722.31	-12
722.56	-2
722.82	19
723.07	18
723.32	-38
723.57	-2
723.82	11
724.08	-4
724.33	-2
724.58	14
724.83	-27
725.08	3
725.34	-3
725.59	-14
725.84	-9
726.09	-10
726.34	-12
726.59	6
726.85	-13
727.1	-13
727.35	-22
727.6	15
727.85	1
728.11	11
728.36	11
728.61	-9
728.86	-5
729.11	17
729.36	-11
729.62	-1
729.87	-7
730.12	28
730.37	-12
730.62	-9
730.88	-4
731.13	-36
731.38	22
731.63	16
731.88	-6
732.13	-15
732.39	-16
732.64	-1
732.89	4
733.14	26
733.39	-10
733.64	-5
733.9	-1
734.15	-7
734.4	20
734.65	-8
734.9	-20
735.15	-7
735.4	4
735.66	3
735.91	-4
736.16	2
736.41	14
736.66	22
736.91	-4
737.17	1
737.42	1
737.67	-11
737.92	29
738.17	24
738.42	0
738.67	-10
738.93	18
739.18	16
739.43	-3
739.68	-9
739.93	12
740.18	12
740.43	-5
740.69	11
740.94	-5
741.19	8
741.44	-12
741.69	-8
741.94	1
742.19	-3
742.44	-8
742.7	18
742.95	0
743.2	3
743.45	-16
743.7	12
743.95	20
744.2	11
744.45	0
744.71	3
744.96	8
745.21	-1
745.46	-8
745.71	10
745.96	-2
746.21	18
746.46	25
746.72	29
746.97	5
747.22	3
747.47	23
747.72	1
747.97	-12
748.22	-1
748.47	-14
748.72	13
748.98	6
749.23	2
749.48	-11
749.73	20
749.98	-5
750.23	22
750.48	15
750.73	-4
750.98	-9
751.23	11
751.49	15
751.74	-7
751.99	7
752.24	-5
752.49	12
752.74	14
752.99	1
753.24	-5
753.49	-1
753.74	6
754	-26
754.25	14
754.5	-26
754.75	6
755	11
755.25	-1
755.5	2
755.75	-10
756	-3
756.25	-15
756.5	-23
756.75	-9
757.01	10
757.26	1
757.51	15
757.76	12
758.01	3
758.26	17
758.51	11
758.76	8
759.01	1
759.26	20
759.51	8
759.76	8
760.01	9
760.26	0
760.52	-4
760.77	15
761.02	-16
761.27	-8
761.52	25
761.77	12
762.02	12
762.27	7
762.52	24
762.77	-10
763.02	0
763.27	10
763.52	5
763.77	10
764.02	-18
764.27	-10
764.53	-25
764.78	18
765.03	7
765.28	12
765.53	14
765.78	23
766.03	18
766.28	-2
766.53	13
766.78	-3
767.03	2
767.28	-7
767.53	26
767.78	12
768.03	9
768.28	7
768.53	5
768.78	1
769.03	14
769.28	8
769.53	15
769.78	14
770.03	17
770.28	28
770.54	30
770.79	11
771.04	6
771.29	17
771.54	-2
771.79	7
772.04	33
772.29	-28
772.54	-13
772.79	-18
773.04	16
773.29	-9
773.54	9
773.79	28
774.04	14
774.29	6
774.54	-7
774.79	15
775.04	2
775.29	-4
775.54	-6
775.79	27
776.04	-27
776.29	-2
776.54	18
776.79	16
777.04	36
777.29	29
777.54	6
777.79	16
778.04	15
778.29	16
778.54	-4
778.79	-3
779.04	12
779.29	34
779.54	21
779.79	-4
780.04	9
780.29	-11
780.54	-15
780.79	-16
781.04	11
781.29	-2
781.54	33
781.79	-2
782.04	-4
782.29	9
782.54	17
782.79	-1
783.04	-15
783.29	1
783.54	12
783.79	3
784.04	11
784.29	18
784.54	2
784.79	10
785.04	-4
785.29	-13
785.54	10
785.79	4
786.04	28
786.29	-34
786.54	-4
786.79	-5
787.04	9
787.29	19
787.54	0
787.79	-3
788.04	21
788.29	25
788.53	5
788.78	11
789.03	-16
789.28	43
789.53	10
789.78	12
790.03	-18
790.28	-13
790.53	8
790.78	22
791.03	11
791.28	21
791.53	4
791.78	9
792.03	-15
792.28	6
792.53	3
792.78	-9
793.03	27
793.28	36
793.53	-2
793.78	12
794.03	-21
794.27	8
794.52	16
794.77	9
795.02	24
795.27	11
795.52	-9
795.77	5
796.02	8
796.27	30
796.52	-6
796.77	14
797.02	2
797.27	17
797.52	8
797.77	9
798.02	-4
798.27	24
798.51	8
798.76	12
799.01	-3
799.26	37
799.51	-4
799.76	-2
800.01	-3
800.26	-7
800.51	12
800.76	-4
801.01	23
801.26	-3
801.51	1
801.76	2
802	-4
802.25	14
802.5	-1
802.75	5
803	-14
803.25	34
803.5	-2
803.75	22
804	26
804.25	33
804.5	38
804.74	2
804.99	49
805.24	23
805.49	22
805.74	16
805.99	10
806.24	-5
806.49	4
806.74	7
806.99	-10
807.24	27
807.48	-2
807.73	13
807.98	15
808.23	17
808.48	24
808.73	-10
808.98	-1
809.23	5
809.48	-13
809.72	-5
809.97	-21
810.22	-2
810.47	-12
810.72	24
810.97	-21
811.22	-21
811.47	11
811.72	9
811.96	9
812.21	-12
812.46	27
812.71	6
812.96	23
813.21	10
813.46	9
813.71	7
813.96	10
814.2	51
814.45	-6
814.7	21
814.95	-4
815.2	5
815.45	3
815.7	41
815.95	-22
816.19	12
816.44	24
816.69	26
816.94	37
817.19	22
817.44	-22
817.69	11
817.93	7
818.18	-7
818.43	11
818.68	14
818.93	23
819.18	14
819.43	7
819.67	23
819.92	20
820.17	37
820.42	-8
820.67	43
820.92	-4
821.17	2
821.41	12
821.66	21
821.91	23
822.16	-5
822.41	-7
822.66	-1
822.9	22
823.15	32
823.4	-18
823.65	18
823.9	15
824.15	9
824.4	11
824.64	14
824.89	4
825.14	33
825.39	17
825.64	20
825.89	-15
826.13	7
826.38	21
826.63	0
826.88	26
827.13	26
827.38	37
827.62	-23
827.87	0
828.12	11
828.37	22
828.62	44
828.86	28
829.11	3
829.36	2
829.61	33
829.86	11
830.11	24
830.35	-12
830.6	36
830.85	9
831.1	20
831.35	-4
831.59	-11
831.84	25
832.09	-15
832.34	34
832.59	2
832.84	11
833.08	13
833.33	26
833.58	-10
833.83	25
834.08	30
834.32	9
834.57	39
834.82	-1
835.07	5
835.32	20
835.56	27
835.81	8
836.06	13
836.31	11
836.56	7
836.8	16
837.05	20
837.3	11
837.55	0
837.8	22
838.04	3
838.29	49
838.54	-6
838.79	39
839.03	24
839.28	11
839.53	2
839.78	5
840.03	7
840.27	-8
840.52	-4
840.77	-10
841.02	-6
841.26	12
841.51	0
841.76	19
842.01	19
842.26	9
842.5	-2
842.75	18
843	12
843.25	11
843.49	33
843.74	27
843.99	4
844.24	11
844.48	15
844.73	12
844.98	29
845.23	5
845.48	-9
845.72	25
845.97	-1
846.22	-5
846.47	6
846.71	20
846.96	-9
847.21	-1
847.46	14
847.7	27
847.95	-2
848.2	-6
848.45	22
848.69	31
848.94	32
849.19	-6
849.44	-20
849.68	-1
849.93	-21
850.18	16
850.43	13
850.67	19
850.92	20
851.17	34
851.42	17
851.66	-1
851.91	10
852.16	24
852.41	7
852.65	26
852.9	23
853.15	1
853.39	26
853.64	21
853.89	-16
854.14	14
854.38	1
854.63	7
854.88	21
855.13	4
855.37	-8
855.62	8
855.87	4
856.11	-4
856.36	4
856.61	4
856.86	37
857.1	2
857.35	-22
857.6	-17
857.85	4
858.09	9
858.34	-15
858.59	0
858.83	21
859.08	4
859.33	7
859.58	21
859.82	-9
860.07	21
860.32	16
860.56	37
860.81	13
861.06	36
861.3	5
861.55	10
861.8	2
862.05	-6
862.29	6
862.54	6
862.79	-5
863.03	-8
863.28	-1
863.53	20
863.77	5
864.02	8
864.27	37
864.52	17
864.76	6
865.01	-9
865.26	23
865.5	30
865.75	29
866	3
866.24	17
866.49	23
866.74	26
866.98	-5
867.23	-8
867.48	11
867.72	-4
867.97	8
868.22	7
868.46	-3
868.71	20
868.96	-20
869.21	19
869.45	19
869.7	19
869.95	5
870.19	15
870.44	-28
870.69	7
870.93	17
871.18	18
871.43	-1
871.67	18
871.92	9
872.17	-14
872.41	13
872.66	-10
872.91	2
873.15	2
873.4	5
873.64	17
873.89	15
874.14	17
874.38	14
874.63	37
874.88	18
875.12	32
875.37	24
875.62	2
875.86	13
876.11	31
876.36	11
876.6	23
876.85	-16
877.1	32
877.34	21
877.59	38
877.84	10
878.08	29
878.33	12
878.57	17
878.82	-21
879.07	2
879.31	1
879.56	22
879.81	17
880.05	-3
880.3	-22
880.55	-12
880.79	6
881.04	1
881.28	27
881.53	16
881.78	0
882.02	-4
882.27	13
882.52	27
882.76	-1
883.01	27
883.25	50
883.5	-9
883.75	12
883.99	3
884.24	-12
884.49	8
884.73	27
884.98	35
885.22	12
885.47	34
885.72	23
885.96	9
886.21	14
886.45	15
886.7	23
886.95	-5
887.19	4
887.44	-23
887.69	6
887.93	30
888.18	25
888.42	4
888.67	5
888.92	1
889.16	31
889.41	0
889.65	-8
889.9	-17
890.15	23
890.39	35
890.64	-9
890.88	10
891.13	6
891.38	26
891.62	4
891.87	22
892.11	6
892.36	0
892.6	0
892.85	31
893.1	2
893.34	10
893.59	7
893.83	-5
894.08	8
894.33	-4
894.57	4
894.82	-2
895.06	18
895.31	41
895.55	27
895.8	5
896.05	30
896.29	25
896.54	1
896.78	18
897.03	-16
897.27	19
897.52	31
897.77	-18
898.01	-4
898.26	25
898.5	7
898.75	-7
898.99	0
899.24	-9
899.49	11
899.73	-26
899.98	18
900.22	-21
900.47	12
900.71	-12
900.96	3
901.2	19
901.45	15
901.7	3
901.94	18
902.19	-8
902.43	21
902.68	9
902.92	28
903.17	24
903.41	23
903.66	8
903.91	-1
904.15	-9
904.4	16
904.64	-10
904.89	11
905.13	-1
905.38	-3
905.62	4
905.87	-24
906.11	8
906.36	6
906.6	17
906.85	31
907.1	-13
907.34	41
907.59	12
907.83	-8
908.08	9
908.32	1
908.57	5
908.81	16
909.06	38
909.3	28
909.55	25
909.79	46
910.04	32
910.28	21
910.53	33
910.77	-1
911.02	-7
911.26	13
911.51	12
911.75	10
912	5
912.25	1
912.49	14
912.74	-18
912.98	2
913.23	19
913.47	16
913.72	18
913.96	22
914.21	25
914.45	-16
914.7	2
914.94	9
915.19	-14
915.43	6
915.68	13
915.92	4
916.17	-9
916.41	21
916.66	-15
916.9	10
917.15	15
917.39	35
917.64	1
917.88	13
918.13	24
918.37	-10
918.62	17
918.86	22
919.11	8
919.35	11
919.6	5
919.84	-1
920.08	9
920.33	6
920.57	10
920.82	24
921.06	14
921.31	-1
921.55	3
921.8	-5
922.04	43
922.29	-12
922.53	4
922.78	14
923.02	32
923.27	10
923.51	21
923.76	21
924	4
924.25	-15
924.49	3
924.74	7
924.98	-8
925.22	15
925.47	16
925.71	22
925.96	15
926.2	32
926.45	-9
926.69	12
926.94	17
927.18	-8
927.43	7
927.67	18
927.92	15
928.16	24
928.4	17
928.65	26
928.89	23
929.14	9
929.38	22
929.63	1
929.87	0
930.12	27
930.36	44
930.6	21
930.85	6
931.09	5
931.34	15
931.58	-17
931.83	13
932.07	4
932.32	-12
932.56	31
932.8	8
933.05	-6
933.29	19
933.54	23
933.78	-1
934.03	4
934.27	37
934.51	-8
934.76	-5
935	-15
935.25	39
935.49	-20
935.74	9
935.98	2
936.22	19
936.47	-4
936.71	31
936.96	4
937.2	24
937.45	9
937.69	23
937.93	16
938.18	7
938.42	3
938.67	-7
938.91	-27
939.15	-4
939.4	20
939.64	4
939.89	11
940.13	36
940.38	8
940.62	29
940.86	28
941.11	7
941.35	10
941.6	13
941.84	14
942.08	14
942.33	24
942.57	9
942.82	28
943.06	-11
943.3	7
943.55	-11
943.79	3
944.04	-12
944.28	25
944.52	1
944.77	-6
945.01	-4
945.25	-5
945.5	15
945.74	9
945.99	5
946.23	-2
946.47	21
946.72	-13
946.96	3
947.21	20
947.45	44
947.69	20
947.94	2
948.18	8
948.42	25
948.67	12
948.91	-2
949.16	1
949.4	-11
949.64	30
949.89	1
950.13	-6
950.37	-11
950.62	15
950.86	19
951.11	32
951.35	4
951.59	4
951.84	-5
952.08	8
952.32	23
952.57	-5
952.81	8
953.05	25
953.3	19
953.54	9
953.78	22
954.03	19
954.27	7
954.52	7
954.76	-6
955	7
955.25	17
955.49	60
955.73	12
955.98	15
956.22	3
956.46	2
956.71	14
956.95	-8
957.19	-6
957.44	13
957.68	9
957.92	9
958.17	24
958.41	6
958.65	3
958.9	37
959.14	-2
959.38	0
959.63	13
959.87	29
960.11	4
960.36	15
960.6	6
960.84	-4
961.09	16
961.33	10
961.57	20
961.82	16
962.06	23
962.3	7
962.55	-9
962.79	-27
963.03	25
963.28	12
963.52	-2
963.76	-1
964.01	25
964.25	-23
964.49	5
964.74	-11
964.98	-5
965.22	5
965.47	12
965.71	16
965.95	42
966.19	12
966.44	28
966.68	38
966.92	13
967.17	20
967.41	-6
967.65	-7
967.9	22
968.14	19
968.38	9
968.62	34
968.87	17
969.11	13
969.35	10
969.6	18
969.84	5
970.08	22
970.33	17
970.57	30
970.81	24
971.05	13
971.3	-15
971.54	-15
971.78	11
972.03	-5
972.27	11
972.51	24
972.75	2
973	-5
973.24	12
973.48	19
973.73	11
973.97	26
974.21	6
974.45	25
974.7	-11
974.94	9
975.18	29
975.42	7
975.67	30
975.91	26
976.15	25
976.4	8
976.64	14
976.88	9
977.12	12
977.37	0
977.61	0
977.85	-9
978.09	25
978.34	20
978.58	-6
978.82	21
979.06	20
979.31	8
979.55	16
979.79	15
980.03	30
980.28	19
980.52	29
980.76	10
981	25
981.25	8
981.49	17
981.73	14
981.97	-11
982.22	20
982.46	4
982.7	18
982.94	2
983.19	4
983.43	5
983.67	-3
983.91	-16
984.16	11
984.4	-1
984.64	-7
984.88	1
985.13	0
985.37	38
985.61	-3
985.85	30
986.1	17
986.34	26
986.58	46
986.82	28
987.06	13
987.31	-9
987.55	7
987.79	9
988.03	29
988.28	38
988.52	-14
988.76	54
989	41
989.24	34
989.49	-4
989.73	26
989.97	19
990.21	30
990.46	29
990.7	14
990.94	14
991.18	21
991.42	44
991.67	19
991.91	21
992.15	36
992.39	12
992.63	31
992.88	9
993.12	41
993.36	24
993.6	9
993.84	-7
994.09	34
994.33	35
994.57	35
994.81	26
995.05	26
995.3	33
995.54	1
995.78	-9
996.02	33
996.26	13
996.51	12
996.75	25
996.99	29
997.23	29
997.47	35
997.72	39
997.96	31
998.2	30
998.44	41
998.68	60
998.92	56
999.17	75
999.41	80
999.65	48
999.89	55
1000.13	79
1000.38	80
1000.62	85
1000.86	61
1001.1	101
1001.34	119
1001.58	144
1001.83	129
1002.07	222
1002.31	210
1002.55	248
1002.79	282
1003.03	312
1003.28	326
1003.52	326
1003.76	392
1004	451
1004.24	490
1004.48	556
1004.73	596
1004.97	645
1005.21	716
1005.45	789
1005.69	855
1005.93	971
1006.17	1071
1006.42	1173
1006.66	1356
1006.9	1480
1007.14	1686
1007.38	1919
1007.62	2138
1007.87	2381
1008.11	2542
1008.35	2903
1008.59	3120
1008.83	3391
1009.07	3784
1009.31	4006
1009.56	4084
1009.8	4289
1010.04	4355
1010.28	4247
1010.52	4054
1010.76	3778
1011	3341
1011.24	2949
1011.49	2440
1011.73	2074
1011.97	1697
1012.21	1359
1012.45	1100
1012.69	927
1012.93	788
1013.18	715
1013.42	649
1013.66	627
1013.9	618
1014.14	615
1014.38	594
1014.62	610
1014.86	628
1015.1	676
1015.35	693
1015.59	745
1015.83	767
1016.07	817
1016.31	912
1016.55	915
1016.79	985
1017.03	1015
1017.28	1039
1017.52	1111
1017.76	1212
1018	1232
1018.24	1286
1018.48	1397
1018.72	1421
1018.96	1528
1019.2	1586
1019.44	1639
1019.69	1667
1019.93	1791
1020.17	1871
1020.41	1891
1020.65	1955
1020.89	2038
1021.13	2156
1021.37	2192
1021.61	2257
1021.85	2335
1022.1	2421
1022.34	2522
1022.58	2563
1022.82	2651
1023.06	2681
1023.3	2740
1023.54	2755
1023.78	2856
1024.02	2964
1024.26	3002
1024.5	3006
1024.74	3128
1024.99	3127
1025.23	3224
1025.47	3325
1025.71	3354
1025.95	3339
1026.19	3469
1026.43	3460
1026.67	3532
1026.91	3559
1027.15	3631
1027.39	3644
1027.63	3684
1027.87	3738
1028.11	3750
1028.36	3725
1028.6	3805
1028.84	3785
1029.08	3757
1029.32	3667
1029.56	3678
1029.8	3648
1030.04	3736
1030.28	3603
1030.52	3523
1030.76	3451
1031	3407
1031.24	3329
1031.48	3251
1031.72	3167
1031.96	3085
1032.2	3047
1032.44	2951
1032.69	2829
1032.93	2731
1033.17	2604
1033.41	2562
1033.65	2456
1033.89	2402
1034.13	2286
1034.37	2251
1034.61	2202
1034.85	2096
1035.09	1984
1035.33	1945
1035.57	1884
1035.81	1799
1036.05	1708
1036.29	1717
1036.53	1617
1036.77	1554
1037.01	1508
1037.25	1431
1037.49	1356
1037.73	1319
1037.97	1252
1038.21	1206
1038.45	1133
1038.69	1109
1038.93	1078
1039.17	1055
1039.42	985
1039.66	958
1039.9	899
1040.14	879
1040.38	905
1040.62	797
1040.86	816
1041.1	749
1041.34	737
1041.58	772
1041.82	698
1042.06	656
1042.3	719
1042.54	688
1042.78	662
1043.02	664
1043.26	624
1043.5	643
1043.74	641
1043.98	664
1044.22	644
1044.46	651
1044.7	632
1044.94	650
1045.18	698
1045.42	657
1045.66	688
1045.9	667
1046.14	708
1046.38	772
1046.62	848
1046.86	1212
1047.1	1995
1047.34	3167
1047.58	4374
1047.82	5842
1048.06	7190
1048.3	8432
1048.54	9271
1048.78	9868
1049.02	10169
1049.26	10542
1049.5	10765
1049.74	11001
1049.98	11339
1050.21	11949
1050.45	11910
1050.69	11924
1050.93	11672
1051.17	11797
1051.41	11512
1051.65	11025
1051.89	10710
1052.13	10837
1052.37	10803
1052.61	10423
1052.85	9510
1053.09	8867
1053.33	8806
1053.57	8979
1053.81	8935
1054.05	8685
1054.29	7842
1054.53	7193
1054.77	7214
1055.01	7257
1055.25	7138
1055.49	7036
1055.73	6967
1055.97	7062
1056.21	6800
1056.45	6451
1056.69	6426
1056.92	6514
1057.16	6442
1057.4	6359
1057.64	6311
1057.88	6294
1058.12	6507
1058.36	6587
1058.6	6350
1058.84	5936
1059.08	5653
1059.32	5528
1059.56	5704
1059.8	5885
1060.04	5762
1060.28	5474
1060.52	5053
1060.76	4762
1061	4630
1061.23	4560
1061.47	4307
1061.71	4136
1061.95	3935
1062.19	3744
1062.43	3623
1062.67	3417
1062.91	3254
1063.15	3056
1063.39	2984
1063.63	2929
1063.87	2862
1064.11	2852
1064.35	2830
1064.58	2715
1064.82	2669
1065.06	2586
1065.3	2588
1065.54	2530
1065.78	2450
1066.02	2314
1066.26	2266
1066.5	2229
1066.74	2042
1066.98	1846
1067.21	1599
1067.45	1298
1067.69	1095
1067.93	869
1068.17	696
1068.41	606
1068.65	462
1068.89	433
1069.13	341
1069.37	304
1069.61	308
1069.84	305
1070.08	295
1070.32	233
1070.56	253
1070.8	208
1071.04	241
1071.28	195
1071.52	213
1071.76	226
1071.99	176
1072.23	191
1072.47	165
1072.71	153
1072.95	163
1073.19	157
1073.43	142
1073.67	139
1073.91	125
1074.14	143
1074.38	132
1074.62	142
1074.86	97
1075.1	126
1075.34	124
1075.58	115
1075.82	96
1076.05	94
1076.29	114
1076.53	84
1076.77	71
1077.01	85
1077.25	82
1077.49	57
1077.73	59
1077.96	64
1078.2	60
1078.44	82
1078.68	58
1078.92	67
1079.16	66
1079.4	69
1079.63	93
1079.87	25
1080.11	47
1080.35	47
1080.59	68
1080.83	47
1081.07	45
1081.3	41
1081.54	34
1081.78	49
1082.02	46
1082.26	40
1082.5	67
1082.74	49
1082.97	32
1083.21	46
1083.45	48
1083.69	44
1083.93	40
1084.17	28
1084.4	37
1084.64	18
1084.88	44
1085.12	36
1085.36	4
1085.6	26
1085.84	42
1086.07	43
1086.31	38
1086.55	43
1086.79	30
1087.03	14
1087.26	19
1087.5	58
1087.74	62
1087.98	22
1088.22	38
1088.46	10
1088.69	58
1088.93	28
1089.17	35
1089.41	10
1089.65	36
1089.89	18
1090.12	33
1090.36	53
1090.6	3
1090.84	29
1091.08	3
1091.31	15
1091.55	34
1091.79	44
1092.03	21
1092.27	11
1092.5	42
1092.74	4
1092.98	5
1093.22	24
1093.46	11
1093.7	4
1093.93	26
1094.17	24
1094.41	5
1094.65	29
1094.89	34
1095.12	38
1095.36	30
1095.6	33
1095.84	18
1096.07	7
1096.31	38
1096.55	11
1096.79	32
1097.03	46
1097.26	13
1097.5	15
1097.74	-2
1097.98	37
1098.22	-1
1098.45	4
1098.69	10
1098.93	32
1099.17	12
1099.4	25
1099.64	8
1099.88	52
1100.12	-2
1100.36	19
1100.59	15
1100.83	19
1101.07	33
1101.31	14
1101.54	26
1101.78	29
1102.02	33
1102.26	15
1102.5	29
1102.73	30
1102.97	16
1103.21	3
1103.45	15
1103.68	19
1103.92	8
1104.16	38
1104.4	3
1104.63	13
1104.87	11
1105.11	18
1105.35	29
1105.58	26
1105.82	13
1106.06	11
1106.3	6
1106.53	8
1106.77	24
1107.01	-7
1107.25	11
1107.48	11
1107.72	17
1107.96	19
1108.2	36
1108.43	8
1108.67	-15
1108.91	1
1109.15	3
1109.38	-13
1109.62	13
1109.86	18
1110.1	10
1110.33	1
1110.57	17
1110.81	-18
1111.04	4
1111.28	-6
1111.52	-3
1111.76	0
1111.99	6
1112.23	-4
1112.47	-5
1112.71	15
1112.94	37
1113.18	12
1113.42	1
1113.65	-10
1113.89	26
1114.13	0
1114.37	5
1114.6	11
1114.84	-18
1115.08	-8
1115.31	32
1115.55	39
1115.79	43
1116.03	-3
1116.26	18
1116.5	6
1116.74	23
1116.97	4
1117.21	-25
1117.45	19
1117.69	26
1117.92	4
1118.16	15
1118.4	-9
1118.63	5
1118.87	19
1119.11	10