194.99	-97.4
195.26	-97.4
195.52	-97.4
195.79	14.4
196.06	12
196.33	-1
196.6	0.8
196.87	16
197.13	5.2
197.4	14.4
197.67	6.8
197.94	3.8
198.21	4.4
198.48	-11.8
198.74	-15.4
199.01	-3.8
199.28	11.2
199.55	-7.8
199.82	12.4
200.09	1.2
200.35	2.8
200.62	4.8
200.89	-23.4
201.16	-3.2
201.43	3.6
201.69	0.4
201.96	-21.4
202.23	7.2
202.5	-24.2
202.77	10.6
203.04	12.8
203.3	3.6
203.57	12.8
203.84	12.8
204.11	9
204.38	-19.2
204.64	1.8
204.91	-6.8
205.18	9.4
205.45	-25.6
205.72	7.6
205.98	-6.8
206.25	-18.8
206.52	10
206.79	-3
207.06	-4.6
207.32	-0.6
207.59	7.6
207.86	18.6
208.13	-5.2
208.4	8
208.67	-16.8
208.93	-25.4
209.2	9.4
209.47	-7.2
209.74	1.2
210	5.4
210.27	10.2
210.54	-5.4
210.81	-1.8
211.08	-2
211.34	15.2
211.61	8.4
211.88	17
212.15	-11.8
212.42	-22
212.68	-1.4
212.95	1.4
213.22	9
213.49	-14
213.76	11.6
214.02	-8
214.29	-4.8
214.56	9
214.83	10
215.09	-3.2
215.36	-1.2
215.63	-31.2
215.9	2.2
216.17	9.8
216.43	-8
216.7	-14.6
216.97	-4.2
217.24	24.6
217.5	-5.4
217.77	14.4
218.04	-2.8
218.31	5.4
218.58	15.4
218.84	-2
219.11	4.6
219.38	13.4
219.65	7.4
219.91	-1.4
220.18	0.8
220.45	9.4
220.72	-4.2
220.98	-8.4
221.25	16.2
221.52	3.6
221.79	15.2
222.05	1
222.32	14
222.59	-5.8
222.86	-23.8
223.13	-0.6
223.39	-6.4
223.66	4.2
223.93	-0.6
224.2	6.6
224.46	-12
224.73	16
225	7
225.27	7.4
225.53	6.4
225.8	1.2
226.07	-20.4
226.34	3
226.6	0.2
226.87	13.2
227.14	3.4
227.41	-3
227.67	-1.6
227.94	-2
228.21	12.2
228.48	-5.6
228.74	22.8
229.01	15.4
229.28	1
229.55	2.2
229.81	3.8
230.08	-8.6
230.35	-2.2
230.61	7
230.88	3
231.15	-3.6
231.42	-0.4
231.68	14.6
231.95	-1.2
232.22	16.4
232.49	8.6
232.75	4.4
233.02	-10.8
233.29	-7.4
233.56	2.2
233.82	-13
234.09	21.6
234.36	6.8
234.62	22
234.89	-15
235.16	-2.2
235.43	-38.8
235.69	3.4
235.96	8.8
236.23	-0.4
236.5	3.6
236.76	4
237.03	9.8
237.3	8
237.56	3.6
237.83	-8.8
238.1	8.6
238.37	-14.2
238.63	17.6
238.9	4.6
239.17	7.2
239.43	18.8
239.7	11
239.97	10.2
240.24	-4.2
240.5	-2.4
240.77	4
241.04	-16.4
241.3	10.8
241.57	-4.2
241.84	6.4
242.1	0
242.37	6.6
242.64	18.6
242.91	13.4
243.17	18.6
243.44	-7.2
243.71	8.8
243.97	-8.2
244.24	10
244.51	1.6
244.77	4.4
245.04	-5
245.31	-8.6
245.58	-5.4
245.84	16.2
246.11	25.4
246.38	8
246.64	8.8
246.91	-13.2
247.18	-7.2
247.44	-3
247.71	-10.4
247.98	6.8
248.24	-12.8
248.51	25.6
248.78	-8
249.05	16.4
249.31	-1
249.58	-15.8
249.85	11.2
250.11	-6.8
250.38	-3.6
250.65	5.6
250.91	24.6
251.18	-8.4
251.45	6
251.71	-12.2
251.98	-6
252.25	6.8
252.51	-4.2
252.78	-1.2
253.05	8
253.31	15.6
253.58	5
253.85	3
254.11	-7.4
254.38	0.4
254.65	7.2
254.91	2
255.18	7
255.45	14
255.71	-6.4
255.98	-0.8
256.25	15.2
256.51	-3.8
256.78	-8.4
257.05	-13.6
257.31	3.2
257.58	8.4
257.85	7.4
258.11	6.2
258.38	-8.2
258.65	22
258.91	-0.4
259.18	10.6
259.45	-5.4
259.71	16
259.98	-5.8
260.25	-10
260.51	0.8
260.78	24
261.05	0.2
261.31	10.6
261.58	-26
261.85	12.8
262.11	-6
262.38	-20.6
262.65	-0.2
262.91	-5.4
263.18	0.8
263.44	-2.8
263.71	6.8
263.98	3.2
264.24	1.4
264.51	21
264.78	13
265.04	-19.2
265.31	3.8
265.58	16.4
265.84	10.8
266.11	-5.8
266.37	-17.2
266.64	-1
266.91	-5.2
267.17	-5.8
267.44	-7.8
267.71	7.8
267.97	10.6
268.24	5.6
268.51	30.4
268.77	8.8
269.04	10
269.3	-6
269.57	-8.8
269.84	18.6
270.1	16
270.37	-3.4
270.64	-7.6
270.9	-17.4
271.17	17.4
271.43	-7
271.7	1
271.97	5.2
272.23	-4.2
272.5	1.2
272.77	9.2
273.03	4
273.3	-3.6
273.56	-4.4
273.83	-3.2
274.1	8.2
274.36	-3.8
274.63	-0.8
274.89	6
275.16	13.6
275.43	40.8
275.69	2.4
275.96	-7
276.23	-11.2
276.49	11.6
276.76	-4.6
277.02	-8.2
277.29	13
277.56	3.2
277.82	-2
278.09	17.8
278.35	1
278.62	4.6
278.89	-6.4
279.15	-10
279.42	3.8
279.68	4.2
279.95	16.4
280.22	5.2
280.48	-21.8
280.75	2.4
281.01	1
281.28	-7.4
281.55	-8
281.81	14.8
282.08	17.2
282.34	1.6
282.61	-3.8
282.87	14
283.14	-28.2
283.41	11
283.67	13.8
283.94	2.6
284.2	-19.2
284.47	-1.6
284.74	-11.4
285	-15
285.27	-28.2
285.53	10.8
285.8	-0.4
286.06	-1.8
286.33	5
286.6	-1.2
286.86	-11.8
287.13	-9.2
287.39	7.8
287.66	-4.4
287.93	7
288.19	-6.8
288.46	-13.2
288.72	11
288.99	-25.8
289.25	11.2
289.52	7
289.79	3.4
290.05	12.4
290.32	4.4
290.58	-5.6
290.85	-16.2
291.11	-5.4
291.38	-10.2
291.64	-10.2
291.91	-11.6
292.18	1
292.44	1.2
292.71	-5.4
292.97	-10.6
293.24	11.8
293.5	-6
293.77	-14.4
294.04	-6.6
294.3	-9
294.57	-9.4
294.83	-4.8
295.1	-3.2
295.36	10
295.63	2.8
295.89	-0.6
296.16	-10.8
296.43	-10.6
296.69	2.2
296.96	17
297.22	-17.4
297.49	4.4
297.75	5
298.02	-10.2
298.28	1.8
298.55	14.8
298.81	-8.4
299.08	22.6
299.35	-4.6
299.61	-16.6
299.88	2
300.14	15.4
300.41	12
300.67	4.6
300.94	5.4
301.2	-16
301.47	-4
301.73	-16.6
302	5.6
302.26	2.4
302.53	-3.4
302.79	6.8
303.06	24.6
303.33	-4.4
303.59	9.6
303.86	10.4
304.12	0.8
304.39	6.4
304.65	-22.2
304.92	0.6
305.18	1.2
305.45	5.2
305.71	7.4
305.98	20.2
306.24	-3.6
306.51	-10
306.77	6
307.04	-10.8
307.3	-10.8
307.57	6
307.83	14.4
308.1	-0.8
308.36	-5.8
308.63	0.4
308.89	3.2
309.16	13.2
309.43	1.2
309.69	13.6
309.96	11.4
310.22	-8.6
310.49	-7
310.75	-20.4
311.02	-15.2
311.28	16.2
311.55	16.4
311.81	1.6
312.08	-2
312.34	15.2
312.61	-13.2
312.87	-4.2
313.14	0
313.4	-2.6
313.67	-13.6
313.93	8.6
314.2	1.8
314.46	2.2
314.73	-22.2
314.99	-5.4
315.26	19.4
315.52	21.6
315.79	5.8
316.05	-2.2
316.32	16.6
316.58	5.8
316.85	-2.8
317.11	11.4
317.38	16.2
317.64	-20.6
317.91	-0.2
318.17	5.2
318.43	12.4
318.7	2.8
318.96	-17.6
319.23	-7.2
319.49	-2.8
319.76	16.6
320.02	-1.8
320.29	-16
320.55	1.6
320.82	0.2
321.08	12.8
321.35	13.4
321.61	-14.2
321.88	11
322.14	-3.6
322.41	0.2
322.67	-15.8
322.94	3
323.2	-6.8
323.47	10.8
323.73	1
324	4.4
324.26	-6.4
324.52	0.4
324.79	4.2
325.05	10.6
325.32	7.2
325.58	-4
325.85	-3
326.11	-15.6
326.38	7.2
326.64	5.8
326.91	2.2
327.17	5
327.44	16.4
327.7	16.2
327.96	2.8
328.23	-7.6
328.49	-8.8
328.76	12.2
329.02	0.6
329.29	19.2
329.55	-4.6
329.82	5.8
330.08	-2.6
330.35	15
330.61	8.6
330.87	5
331.14	9.6
331.4	-6.6
331.67	9.6
331.93	-11.6
332.2	14.6
332.46	-16
332.73	-16.2
332.99	-13.8
333.25	-0.6
333.52	12.4
333.78	3.2
334.05	-3.2
334.31	2.8
334.58	1
334.84	2.8
335.11	6.4
335.37	-11
335.63	2.8
335.9	-9.4
336.16	4.8
336.43	10.6
336.69	10.4
336.96	-5.2
337.22	7.2
337.48	-7
337.75	-2
338.01	5
338.28	-8.2
338.54	-2.6
338.81	8.6
339.07	-3.8
339.33	7.2
339.6	4
339.86	1.6
340.13	11
340.39	6.6
340.66	-5.8
340.92	9
341.18	-4.4
341.45	-1.8
341.71	-12.2
341.98	-10.4
342.24	23.8
342.51	9.2
342.77	-16.4
343.03	-13.8
343.3	16.4
343.56	3
343.83	-3
344.09	28
344.35	-5.4
344.62	13.2
344.88	21.4
345.15	9.2
345.41	2.8
345.67	-3
345.94	27.2
346.2	14.2
346.47	29.4
346.73	-11.8
346.99	6.6
347.26	4.8
347.52	12.6
347.79	5.2
348.05	1.8
348.31	33.6
348.58	14.6
348.84	-5.4
349.11	1.8
349.37	-2.4
349.63	17
349.9	-4.6
350.16	-15.6
350.43	-3.4
350.69	9.2
350.95	16.4
351.22	3.6
351.48	2.2
351.75	13.4
352.01	-8.4
352.27	-1.8
352.54	-11.4
352.8	25.8
353.06	-16.4
353.33	-1.2
353.59	-10.8
353.86	1.2
354.12	7.4
354.38	5.8
354.65	-0.8
354.91	5.6
355.18	16
355.44	6.4
355.7	14.2
355.97	-4.6
356.23	14.2
356.49	6
356.76	20.2
357.02	11.4
357.29	-16.4
357.55	-2.8
357.81	15.4
358.08	5.8
358.34	6.4
358.6	26.6
358.87	8
359.13	2.6
359.39	-15
359.66	-1.6
359.92	10
360.19	8
360.45	17.6
360.71	-7
360.98	6.4
361.24	25.6
361.5	-7
361.77	-12.4
362.03	-3.6
362.29	-5.4
362.56	28
362.82	21.4
363.09	11
363.35	19.2
363.61	5
363.88	3.2
364.14	14
364.4	-8.4
364.67	2.8
364.93	-14.4
365.19	-6.6
365.46	-3.4
365.72	-2.2
365.98	21.8
366.25	-4
366.51	-6.4
366.77	5.2
367.04	14.6
367.3	14.4
367.56	-7.6
367.83	-6.6
368.09	14.2
368.35	20.6
368.62	-7
368.88	-28.8
369.14	12
369.41	-2.2
369.67	5.8
369.93	11.6
370.2	1.6
370.46	7.4
370.72	-8.2
370.99	-2.4
371.25	-11.2
371.51	-7
371.78	-9
372.04	-5.6
372.3	-9.4
372.57	16.8
372.83	2.6
373.09	-7.2
373.36	-3.2
373.62	8.6
373.88	-2
374.15	7.8
374.41	-6.8
374.67	-0.4
374.94	1.2
375.2	13.8
375.46	9.2
375.73	9.4
375.99	-4
376.25	-8.6
376.52	-6.6
376.78	14.8
377.04	15.8
377.31	-1.6
377.57	2
377.83	20.6
378.09	4.6
378.36	1.4
378.62	-6.6
378.88	9.6
379.15	14.6
379.41	-19.2
379.67	5.4
379.94	-10.2
380.2	-1.4
380.46	-0.2
380.73	4.6
380.99	11.4
381.25	11.2
381.51	20.6
381.78	5.2
382.04	10.2
382.3	-0.4
382.57	-2
382.83	2.4
383.09	11.6
383.36	6.8
383.62	-0.4
383.88	-0.8
384.14	-4.4
384.41	4.4
384.67	-16.8
384.93	7.2
385.2	-1.6
385.46	-0.2
385.72	-12
385.98	0.4
386.25	13
386.51	3.8
386.77	5.8
387.04	-6.2
387.3	13
387.56	12.2
387.82	-8
388.09	-6.8
388.35	-0.8
388.61	5
388.88	6.2
389.14	-1.6
389.4	-6.6
389.66	3.6
389.93	8.6
390.19	29
390.45	-1.6
390.71	26.4
390.98	6.2
391.24	-0.2
391.5	-5.4
391.77	6.4
392.03	12.6
392.29	12.8
392.55	1
392.82	-12.2
393.08	4
393.34	1.2
393.6	7.2
393.87	3.4
394.13	-14.8
394.39	1
394.65	19.4
394.92	-7.6
395.18	1.6
395.44	-5.8
395.7	-3
395.97	-0.4
396.23	4.2
396.49	24.6
396.75	2
397.02	2.4
397.28	-11.8
397.54	7.2
397.8	-1.2
398.07	-2.2
398.33	3.8
398.59	-2.6
398.85	10.2
399.12	-9.8
399.38	13.2
399.64	9
399.9	12.8
400.17	-1.2
400.43	15.2
400.69	-21.8
400.95	29.4
401.22	-10.2
401.48	-7.6
401.74	-5.4
402	-2
402.27	25.8
402.53	3.8
402.79	-3.2
403.05	16
403.32	-1.2
403.58	2.6
403.84	2.4
404.1	16
404.36	-3.2
404.63	-15.2
404.89	6.6
405.15	18
405.41	-1.4
405.68	9.2
405.94	6.4
406.2	21.2
406.46	-2
406.73	-6.4
406.99	8.2
407.25	17
407.51	8.2
407.77	7.8
408.04	8.2
408.3	11.2
408.56	-12.6
408.82	-4
409.09	11.4
409.35	-7.6
409.61	10.6
409.87	9
410.13	2
410.4	-5.4
410.66	12.4
410.92	14.6
411.18	-16.6
411.44	-28.8
411.71	-9.4
411.97	-7.8
412.23	-10
412.49	-13.8
412.75	14
413.02	10
413.28	1
413.54	10.6
413.8	6.6
414.06	-10
414.33	-7.6
414.59	6.8
414.85	0
415.11	6.8
415.37	-0.4
415.64	4.2
415.9	17.6
416.16	-3.8
416.42	-2.6
416.68	0.2
416.95	1.6
417.21	-3.2
417.47	-6
417.73	0
417.99	-9.2
418.26	9.6
418.52	14.2
418.78	5
419.04	10.8
419.3	1
419.57	19.6
419.83	-8.2
420.09	7.4
420.35	-3
420.61	1.8
420.87	-9
421.14	3.6
421.4	14.4
421.66	2.8
421.92	5
422.18	9.8
422.45	-4.2
422.71	2.8
422.97	3.6
423.23	-15.2
423.49	-5
423.75	7.8
424.02	14.6
424.28	4.6
424.54	4.4
424.8	4
425.06	-13.6
425.32	-8.4
425.59	-8
425.85	5.2
426.11	13.8
426.37	-4
426.63	-1
426.89	3.2
427.16	3.6
427.42	2.6
427.68	12.2
427.94	0
428.2	2
428.46	-13
428.73	-12.2
428.99	0
429.25	0.2
429.51	12
429.77	10.6
430.03	13.6
430.29	25
430.56	7.2
430.82	-6.4
431.08	4.2
431.34	-9.2
431.6	-7.6
431.86	-6.8
432.12	-11.2
432.39	-3.2
432.65	20.6
432.91	-12.6
433.17	17.6
433.43	-1.4
433.69	26.2
433.95	-3.2
434.22	-4.4
434.48	5.8
434.74	-6
435	-2
435.26	3
435.52	12.8
435.78	-5
436.05	0.6
436.31	13
436.57	-6.2
436.83	-9
437.09	3
437.35	-6.4
437.61	0.2
437.88	-17.8
438.14	-3.6
438.4	-5
438.66	-9
438.92	20
439.18	-7.6
439.44	-0.8
439.7	16.2
439.97	4.6
440.23	-11.2
440.49	10.8
440.75	8.2
441.01	-13.8
441.27	-2.4
441.53	7.8
441.79	-13.4
442.05	-5.2
442.32	-12.8
442.58	1.4
442.84	-13
443.1	13.2
443.36	13.6
443.62	13
443.88	-5.6
444.14	-2.6
444.4	1
444.67	-15.4
444.93	-14.2
445.19	16.6
445.45	-3.8
445.71	7.8
445.97	-17
446.23	7.2
446.49	7.6
446.75	24.2
447.02	11.4
447.28	4.8
447.54	7
447.8	1.8
448.06	13.4
448.32	-13.8
448.58	5.6
448.84	20.8
449.1	-4
449.36	33.4
449.62	8.4
449.89	8.6
450.15	-17
450.41	0.6
450.67	-1.4
450.93	-1.2
451.19	0.2
451.45	2
451.71	-2.4
451.97	10.4
452.23	7
452.49	-11
452.76	-34.2
453.02	14.6
453.28	40.4
453.54	1.2
453.8	2.4
454.06	3.2
454.32	4.6
454.58	23.6
454.84	4.6
455.1	6.8
455.36	-1.6
455.62	12
455.88	0.6
456.15	21
456.41	5.2
456.67	-3.8
456.93	-12.6
457.19	-7.6
457.45	14
457.71	-7.2
457.97	12.2
458.23	12.2
458.49	-1.8
458.75	21.6
459.01	1.4
459.27	6.4
459.53	8.6
459.79	0
460.06	-5.2
460.32	6.2
460.58	20.6
460.84	12.8
461.1	11.2
461.36	-2.2
461.62	-15.6
461.88	2.8
462.14	-13.8
462.4	10
462.66	-2
462.92	-2.2
463.18	-10.8
463.44	1
463.7	15.2
463.96	18.8
464.22	-12.6
464.48	18.2
464.74	17.4
465.01	8.8
465.27	-15
465.53	-10.6
465.79	1
466.05	8
466.31	-1.4
466.57	7
466.83	12
467.09	4.2
467.35	3.8
467.61	-2.4
467.87	2.2
468.13	1
468.39	-5.2
468.65	21.4
468.91	4.8
469.17	4.6
469.43	-0.6
469.69	3.6
469.95	4.2
470.21	7
470.47	7.4
470.73	21.6
470.99	19.6
471.25	-7.6
471.51	-13.4
471.77	-0.8
472.03	19.8
472.29	7.4
472.56	3.4
472.82	8.2
473.08	-4.8
473.34	-6.8
473.6	-15.2
473.86	2
474.12	-1.8
474.38	8.2
474.64	-1
474.9	4
475.16	-2.6
475.42	15.2
475.68	14.2
475.94	-26.4
476.2	10.2
476.46	16.6
476.72	-7.2
476.98	-9.4
477.24	14.4
477.5	-21.2
477.76	3.2
478.02	-3.2
478.28	6.6
478.54	14.2
478.8	4.8
479.06	-9
479.32	18.8
479.58	-4
479.84	-20.2
480.1	-2
480.36	10.4
480.62	-3
480.88	-1.4
481.14	14.6
481.4	31.6
481.66	-1.6
481.92	27.4
482.18	11.6
482.44	18.6
482.7	-9.4
482.96	7.8
483.22	3.4
483.48	-8
483.74	-23.2
484	5.6
484.26	4.2
484.52	8
484.78	-12.4
485.04	-1.8
485.3	-13
485.56	6.6
485.82	19
486.08	-7.4
486.34	0.6
486.59	-13.2
486.85	-15
487.11	2.6
487.37	-16.6
487.63	2
487.89	-13.4
488.15	5.4
488.41	-8.6
488.67	8.6
488.93	-0.6
489.19	-1
489.45	1.4
489.71	-13.6
489.97	-7.2
490.23	10.8
490.49	6.2
490.75	5.8
491.01	20.6
491.27	2.4
491.53	13.8
491.79	-15.2
492.05	4.2
492.31	-3.8
492.57	0.6
492.83	10.2
493.09	-1
493.35	2
493.61	12
493.87	12.2
494.12	-0.2
494.38	12.8
494.64	18.8
494.9	-3.8
495.16	-1.4
495.42	-0.8
495.68	-9
495.94	4.8
496.2	7.2
496.46	0.6
496.72	-15
496.98	13.6
497.24	-9.6
497.5	11.2
497.76	-5
498.02	23.2
498.28	-0.2
498.54	1
498.8	4.4
499.05	-10.4
499.31	16.8
499.57	-26.6
499.83	15.2
500.09	-1.4
500.35	-13.6
500.61	17.8
500.87	20.8
501.13	18.4
501.39	4.4
501.65	7.4
501.91	-5.2
502.17	19.2
502.43	4.8
502.69	19.2
502.94	18.2
503.2	-4.8
503.46	0.4
503.72	-20.8
503.98	11
504.24	-5.2
504.5	-14.4
504.76	12
505.02	10.8
505.28	-3.2
505.54	6.6
505.8	-12.6
506.06	-6.6
506.31	-0.2
506.57	2.8
506.83	-9.8
507.09	0
507.35	-9
507.61	-5.8
507.87	-10.4
508.13	-21.2
508.39	26.4
508.65	-9.4
508.91	11
509.16	-6.6
509.42	8.6
509.68	-5.2
509.94	21.8
510.2	0.2
510.46	-6.6
510.72	-8.2
510.98	-12.4
511.24	13.6
511.5	-8.6
511.75	-5
512.01	-6
512.27	2.8
512.53	8
512.79	6.8
513.05	5
513.31	19.8
513.57	-3.8
513.83	-1.8
514.09	22.2
514.34	-3
514.6	3.8
514.86	3.8
515.12	-13
515.38	1.4
515.64	12.6
515.9	3.6
516.16	18.2
516.42	18.4
516.67	-6.8
516.93	-2.2
517.19	-8.2
517.45	-3
517.71	-5
517.97	-6.4
518.23	17.6
518.49	-3.6
518.74	4.4
519	12.6
519.26	1.4
519.52	8
519.78	-11.4
520.04	9.6
520.3	1.4
520.56	4.6
520.81	0
521.07	11.4
521.33	6
521.59	1
521.85	-14.6
522.11	9.8
522.37	5.4
522.62	18.6
522.88	-9.6
523.14	9
523.4	8.6
523.66	-11.6
523.92	3.2
524.18	-7.2
524.44	29.4
524.69	-2.8
524.95	19.6
525.21	9
525.47	-4.2
525.73	8.8
525.99	6
526.24	23.6
526.5	2.4
526.76	10
527.02	-5
527.28	12.8
527.54	-6.8
527.8	0.4
528.05	7.6
528.31	4.6
528.57	13.4
528.83	-8.6
529.09	8
529.35	-9
529.61	11
529.86	-10.2
530.12	26.4
530.38	17.8
530.64	4.8
530.9	-5.8
531.16	22.8
531.41	12.2
531.67	7.8
531.93	-1.2
532.19	5.6
532.45	-7.6
532.71	-5
532.96	4.6
533.22	9
533.48	0.6
533.74	22.2
534	32.6
534.26	-1.2
534.51	3.4
534.77	-13
535.03	-1.4
535.29	6.4
535.55	5.6
535.8	8.2
536.06	0.2
536.32	-10.8
536.58	7
536.84	22.8
537.1	11.8
537.35	11.4
537.61	16.6
537.87	2.2
538.13	17.6
538.39	5.2
538.64	2.2
538.9	-10.4
539.16	11.2
539.42	1.4
539.68	33.2
539.94	-12.6
540.19	2.8
540.45	-3.8
540.71	31.6
540.97	-3.4
541.23	-5.2
541.48	16
541.74	-3.6
542	6.8
542.26	5.2
542.52	-6
542.77	-24
543.03	6
543.29	8.2
543.55	-14.6
543.81	-23.2
544.06	4.6
544.32	-23.6
544.58	-9.2
544.84	-16
545.1	3.2
545.35	-3.8
545.61	-5.8
545.87	19.2
546.13	17
546.38	-2.8
546.64	3.2
546.9	11
547.16	4.4
547.42	0.2
547.67	-20.8
547.93	8.2
548.19	-3.8
548.45	1.6
548.71	12.8
548.96	-14.6
549.22	-1.4
549.48	18.2
549.74	18.6
549.99	2
550.25	-11.2
550.51	20.2
550.77	-0.8
551.03	-0.6
551.28	14.2
551.54	10.2
551.8	10.8
552.06	7.4
552.31	29.6
552.57	16.8
552.83	0.4
553.09	21.4
553.34	14
553.6	-20.2
553.86	2.8
554.12	3.2
554.37	9.8
554.63	18.8
554.89	2.4
555.15	13.4
555.41	2.4
555.66	3.8
555.92	2.6
556.18	3.6
556.44	3.8
556.69	0.6
556.95	6
557.21	11.8
557.47	8.8
557.72	9.6
557.98	20.6
558.24	-7.2
558.5	20.6
558.75	-6.8
559.01	13.6
559.27	14
559.53	-4
559.78	41
560.04	13.4
560.3	15.6
560.56	14.6
560.81	9.2
561.07	0.8
561.33	20.2
561.58	-1.8
561.84	-0.6
562.1	14.8
562.36	-3.4
562.61	-19
562.87	7.8
563.13	5.6
563.39	6.2
563.64	24.8
563.9	24.6
564.16	1
564.42	18.4
564.67	-13
564.93	16.4
565.19	-8
565.44	9
565.7	-0.2
565.96	12.2
566.22	17.2
566.47	6.8
566.73	-6.2
566.99	21
567.25	16.2
567.5	21.2
567.76	6
568.02	0.2
568.27	16.6
568.53	-12
568.79	13.2
569.05	25.6
569.3	11.4
569.56	6.2
569.82	7.2
570.07	7.8
570.33	28
570.59	-10.2
570.85	1.2
571.1	5.4
571.36	2.4
571.62	-1.2
571.87	10.6
572.13	-3.6
572.39	14.6
572.64	30.2
572.9	5.8
573.16	-4.2
573.42	2.4
573.67	12.4
573.93	7.8
574.19	12
574.44	-1.8
574.7	20.8
574.96	-3.2
575.21	-0.4
575.47	1.2
575.73	4.2
575.99	4.4
576.24	18.8
576.5	14.4
576.76	23.2
577.01	18
577.27	3.4
577.53	0.6
577.78	30.6
578.04	-1
578.3	15.2
578.55	-1.4
578.81	24.4
579.07	19.4
579.32	6.8
579.58	18.6
579.84	2.8
580.1	28.2
580.35	1
580.61	-18.2
580.87	14.6
581.12	4
581.38	8
581.64	18.2
581.89	7.8
582.15	-0.8
582.41	17
582.66	13.6
582.92	0.8
583.18	38.4
583.43	2.8
583.69	13
583.95	-8.8
584.2	12.6
584.46	-23
584.72	12
584.97	11.2
585.23	17.2
585.49	13.2
585.74	4.4
586	5.2
586.26	14.6
586.51	16
586.77	3.4
587.03	-8.4
587.28	-2.8
587.54	-10.4
587.8	8
588.05	6.6
588.31	14
588.56	16.2
588.82	22.4
589.08	-19
589.33	6.4
589.59	15.8
589.85	24.4
590.1	12.4
590.36	15.2
590.62	13.6
590.87	0.2
591.13	1.8
591.39	4
591.64	8.6
591.9	-11
592.16	8.4
592.41	5.8
592.67	14.8
592.92	6.4
593.18	17.6
593.44	-8.6
593.69	10.6
593.95	7.4
594.21	12
594.46	18.6
594.72	13.2
594.97	4
595.23	17.2
595.49	7.2
595.74	1.6
596	1.6
596.26	-3
596.51	23.2
596.77	-5
597.03	4
597.28	15.6
597.54	-4.6
597.79	10.4
598.05	-6.2
598.31	23.2
598.56	0.2
598.82	12.4
599.07	13.6
599.33	2
599.59	-5.2
599.84	-1.2
600.1	15.4
600.36	4.8
600.61	2
600.87	12.6
601.12	5.4
601.38	15.4
601.64	-18.2
601.89	-12
602.15	18
602.4	6
602.66	-2.4
602.92	3.8
603.17	20.8
603.43	3.4
603.68	8.2
603.94	10.2
604.2	21
604.45	20.2
604.71	18.6
604.96	4.8
605.22	0.4
605.48	14
605.73	-14.2
605.99	-15.8
606.24	6.4
606.5	-9
606.76	1
607.01	16.4
607.27	2.4
607.52	14.4
607.78	2.2
608.04	-3.2
608.29	15.4
608.55	12.6
608.8	17.2
609.06	14.8
609.31	0.8
609.57	21.4
609.83	11.8
610.08	16
610.34	23.2
610.59	12.6
610.85	-5.6
611.11	-8.6
611.36	7.2
611.62	-6.2
611.87	16.6
612.13	14.6
612.38	11.4
612.64	15.4
612.9	1.6
613.15	13.2
613.41	8.6
613.66	12.2
613.92	21.8
614.17	9.6
614.43	9.6
614.69	5.8
614.94	11.8
615.2	8
615.45	2.6
615.71	-3
615.96	-9.4
616.22	19.8
616.47	15.6
616.73	-19.8
616.99	4
617.24	4.8
617.5	-2.6
617.75	-0.6
618.01	9.2
618.26	17.6
618.52	22.2
618.77	19.4
619.03	6
619.29	19
619.54	2.2
619.8	-2.4
620.05	12.8
620.31	0.4
620.56	-6.6
620.82	21.4
621.07	9.2
621.33	1.2
621.58	20.2
621.84	27.2
622.1	30.4
622.35	-12
622.61	9
622.86	-15
623.12	0.4
623.37	-1.4
623.63	-12.2
623.88	11.6
624.14	-0.8
624.39	8.2
624.65	11.8
624.9	32.8
625.16	21.6
625.41	34.2
625.67	7.4
625.93	-6.6
626.18	6.8
626.44	11.8
626.69	0.4
626.95	-32.6
627.2	15.4
627.46	-3.4
627.71	-8.2
627.97	-9.6
628.22	-14
628.48	-0.2
628.73	5.8
628.99	3
629.24	15.2
629.5	-3.4
629.75	4.6
630.01	20.2
630.26	3
630.52	8.2
630.77	8.4
631.03	20.2
631.28	18.2
631.54	9.4
631.79	-10
632.05	5.2
632.3	-4.2
632.56	29.6
632.81	-10.4
633.07	-2.6
633.32	2.4
633.58	-9.8
633.83	22.4
634.09	-0.2
634.34	6.6
634.6	3
634.85	-20
635.11	8.6
635.36	7
635.62	3.8
635.87	14
636.13	15.8
636.38	16.6
636.64	-19.6
636.89	10
637.15	6
637.4	-0.4
637.66	4.4
637.91	9
638.17	9.4
638.42	4.6
638.68	-11
638.93	-12
639.19	-3.2
639.44	20
639.7	-5
639.95	7.4
640.21	8.8
640.46	7.4
640.72	18.2
640.97	15.6
641.23	1.8
641.48	6
641.74	-5
641.99	1.2
642.25	1
642.5	11.8
642.76	10.2
643.01	-16.4
643.26	7.2
643.52	-2.4
643.77	-1.6
644.03	26.8
644.28	31.4
644.54	1.6
644.79	10.2
645.05	0.8
645.3	-2.4
645.56	-10.8
645.81	1
646.07	-7.8
646.32	18.6
646.58	12.2
646.83	6.6
647.08	-5.6
647.34	-8.4
647.59	-15.4
647.85	-7.2
648.1	-7.2
648.36	14
648.61	0
648.87	-18
649.12	28.2
649.37	-1
649.63	7.4
649.88	-13.8
650.14	5.6
650.39	28.2
650.65	7
650.9	2.4
651.16	16.8
651.41	-2.2
651.67	5.6
651.92	-1
652.17	3.8
652.43	18.8
652.68	7
652.94	-3
653.19	9
653.45	-4.2
653.7	7.8
653.95	-6.4
654.21	-3.2
654.46	3.6
654.72	-11.8
654.97	11.2
655.23	0.4
655.48	8
655.73	6.6
655.99	1
656.24	6
656.5	-2.2
656.75	19.6
657.01	28.8
657.26	-3.4
657.51	2.8
657.77	14.4
658.02	4
658.28	23.4
658.53	5.2
658.79	-4.8
659.04	-2.2
659.29	26
659.55	14
659.8	7
660.06	1
660.31	-14.6
660.56	2.2
660.82	11.6
661.07	24.2
661.33	3.8
661.58	22.4
661.83	-4.4
662.09	8.4
662.34	6.8
662.6	19.2
662.85	3.2
663.11	6.8
663.36	2.6
663.61	-5.4
663.87	3
664.12	8.8
664.38	2
664.63	-1.2
664.88	5.4
665.14	-0.4
665.39	-3.2
665.65	5
665.9	9.6
666.15	-10.2
666.41	1.6
666.66	15.2
666.91	-3.4
667.17	-11.6
667.42	15.2
667.68	-16
667.93	10.6
668.18	-5.8
668.44	2.8
668.69	-4.4
668.95	12.6
669.2	1
669.45	11.2
669.71	-1.8
669.96	1.6
670.21	-6.2
670.47	-2.6
670.72	-19.2
670.98	-9.6
671.23	11.2
671.48	6.6
671.74	-5
671.99	10.4
672.24	-2
672.5	-5.8
672.75	9.2
673.01	-27.6
673.26	-6.8
673.51	-2.4
673.77	0.8
674.02	15
674.27	1
674.53	1.8
674.78	4.4
675.04	2
675.29	-8.6
675.54	-11.4
675.8	21
676.05	-4.8
676.3	16.8
676.56	-1.6
676.81	1.6
677.06	-3.2
677.32	-16.2
677.57	3.2
677.82	18
678.08	-11
678.33	-10.4
678.59	8.8
678.84	-4.8
679.09	6.2
679.35	7.8
679.6	5.4
679.85	-1.2
680.11	2
680.36	9.2
680.61	-2.4
680.87	9
681.12	-0.4
681.37	8.4
681.63	6.2
681.88	9.2
682.13	-10
682.39	-18.8
682.64	10.4
682.89	11.6
683.15	4.4
683.4	0.2
683.65	0.4
683.91	-3
684.16	-11.4
684.41	-4
684.67	-9.2
684.92	1
685.17	-5.2
685.43	11.6
685.68	-5.6
685.93	22.8
686.19	9.6
686.44	8
686.69	5.6
686.95	11.4
687.2	9.4
687.45	13
687.71	-9.2
687.96	-16
688.21	15.2
688.47	-4.2
688.72	14.6
688.97	4
689.22	-2.6
689.48	2
689.73	-6.2
689.98	1.4
690.24	5.2
690.49	13.2
690.74	-2.4
691	-0.4
691.25	3.2
691.5	-16.2
691.76	-3.2
692.01	5
692.26	-3.4
692.51	0.4
692.77	11.8
693.02	12.8
693.27	4
693.53	10.8
693.78	2
694.03	7
694.29	10.4
694.54	-21.6
694.79	11.8
695.04	25
695.3	17.8
695.55	2.2
695.8	-3.8
696.06	3
696.31	-12
696.56	-0.4
696.82	9.6
697.07	3.4
697.32	3.6
697.57	7.6
697.83	19
698.08	-7
698.33	-1.8
698.59	6.2
698.84	-5.2
699.09	0.2
699.34	-5
699.6	-3.4
699.85	-7.4
700.1	17.2
700.35	-9.4
700.61	18
700.86	7.6
701.11	-17.4
701.37	-11.6
701.62	-4.6
701.87	-7.2
702.12	22
702.38	-14
702.63	31
702.88	5.4
703.13	-13.4
703.39	-7
703.64	-5.4
703.89	-8.8
704.15	2.8
704.4	9.8
704.65	15.6
704.9	9.6
705.16	3
705.41	9.4
705.66	2
705.91	-5
706.17	-1.6
706.42	11.6
706.67	-9.2
706.92	-2.8
707.18	6.4
707.43	5.8
707.68	-3.8
707.93	9.6
708.19	11.2
708.44	3
708.69	17.8
708.94	13.2
709.2	-6.4
709.45	-1.4
709.7	0.8
709.95	3.8
710.21	8.2
710.46	-15.6
710.71	2
710.96	15
711.22	-12.2
711.47	-20
711.72	6
711.97	3.4
712.22	-1.8
712.48	-7.2
712.73	7
712.98	-5.4
713.23	-2.8
713.49	6.4
713.74	7
713.99	7.6
714.24	23.2
714.5	1.2
714.75	-17.8
715	-6.4
715.25	-1
715.5	20.6
715.76	8
716.01	-2.4
716.26	-2.8
716.51	25
716.77	4.6
717.02	12.2
717.27	-7
717.52	-0.6
717.77	25
718.03	-2.6
718.28	7.2
718.53	2.2
718.78	-2
719.04	0.8
719.29	-1.2
719.54	-6.4
719.79	-24.8
720.04	-4
720.3	-15.4
720.55	1.4
720.8	19
721.05	-10.6
721.3	3.6
721.56	3.4
721.81	4.4
722.06	9.4
722.31	3.2
722.56	12
722.82	-7.4
723.07	2.2
723.32	-17
723.57	9
723.82	3.6
724.08	-3
724.33	17.8
724.58	6.8
724.83	18.8
725.08	-3.8
725.34	7.2
725.59	1.4
725.84	-0.2
726.09	-18.2
726.34	16
726.59	-2.8
726.85	-5.4
727.1	-19.4
727.35	-0.2
727.6	-6.2
727.85	1
728.11	2.6
728.36	-2.2
728.61	13.8
728.86	4.2
729.11	-6.4
729.36	-5.8
729.62	10.6
729.87	6.2
730.12	-4
730.37	6.8
730.62	7.6
730.88	-5.4
731.13	5
731.38	5
731.63	9
731.88	3
732.13	-9.2
732.39	-6.8
732.64	0.8
732.89	-7.2
733.14	-19.8
733.39	8
733.64	9
733.9	-23.4
734.15	15.2
734.4	18
734.65	21.6
734.9	0.4
735.15	10.2
735.4	8.2
735.66	12
735.91	8.8
736.16	7.8
736.41	2.6
736.66	-8.2
736.91	0.4
737.17	3.4
737.42	-4.6
737.67	6.4
737.92	16.8
738.17	-5.4
738.42	6
738.67	1.8
738.93	4.8
739.18	13.6
739.43	-2.2
739.68	-0.2
739.93	-7.2
740.18	-4.2
740.43	14.2
740.69	30.8
740.94	8.6
741.19	5.2
741.44	10.2
741.69	-0.8
741.94	-0.6
742.19	5.6
742.44	10
742.7	6
742.95	0
743.2	3.6
743.45	-23.4
743.7	-15
743.95	5.2
744.2	-3
744.45	11.4
744.71	-0.2
744.96	24.8
745.21	-4.8
745.46	-9.6
745.71	18.6
745.96	22.6
746.21	-4
746.46	12.4
746.72	3
746.97	23.6
747.22	4.2
747.47	12.8
747.72	20
747.97	15.6
748.22	-1.8
748.47	13.2
748.72	6.4
748.98	3.8
749.23	19.4
749.48	15.8
749.73	3
749.98	11.4
750.23	-0.8
750.48	21.8
750.73	-0.2
750.98	2.2
751.23	2.4
751.49	9.8
751.74	5
751.99	-3.4
752.24	-4.8
752.49	10.4
752.74	-24.4
752.99	-7.4
753.24	3.2
753.49	0.2
753.74	17.2
754	3.8
754.25	-0.6
754.5	9.2
754.75	-2.2
755	-12.4
755.25	4.2
755.5	-3
755.75	21.6
756	6.8
756.25	9
756.5	23.8
756.75	-4.2
757.01	11.6
757.26	-1
757.51	16.6
757.76	-6.2
758.01	16.4
758.26	-1.6
758.51	-3.2
758.76	-11.2
759.01	-9.4
759.26	-3
759.51	-11
759.76	-8
760.01	-4
760.26	8.4
760.52	16.2
760.77	-11.6
761.02	-1.4
761.27	-6.4
761.52	11.4
761.77	12.2
762.02	13.2
762.27	7.8
762.52	12.8
762.77	-8.4
763.02	-14.2
763.27	-19.6
763.52	-11.2
763.77	11
764.02	19.2
764.27	-0.8
764.53	6.6
764.78	17.8
765.03	7.8
765.28	-2.4
765.53	-10.4
765.78	20
766.03	-12.4
766.28	4.2
766.53	-15.2
766.78	5.4
767.03	3.4
767.28	-18.8
767.53	3.6
767.78	7.6
768.03	6.8
768.28	10
768.53	15.8
768.78	10
769.03	-3
769.28	0
769.53	5.2
769.78	-7.2
770.03	7.6
770.28	6
770.54	7.8
770.79	14.6
771.04	-4
771.29	4.6
771.54	-7.4
771.79	14.8
772.04	-3.6
772.29	1
772.54	-3.8
772.79	-1.8
773.04	29.8
773.29	8.8
773.54	-1.8
773.79	14.2
774.04	-11.4
774.29	-9.4
774.54	-4.2
774.79	9
775.04	3.6
775.29	16.6
775.54	-6.6
775.79	5
776.04	-11
776.29	1.4
776.54	0
776.79	3.4
777.04	3
777.29	14
777.54	-5.4
777.79	-3.8
778.04	19.2
778.29	4.8
778.54	4.2
778.79	4.8
779.04	-20.2
779.29	1.2
779.54	10
779.79	2.2
780.04	-3.2
780.29	28.2
780.54	11.4
780.79	16.2
781.04	-9.2
781.29	-1
781.54	7
781.79	16.6
782.04	8
782.29	6.4
782.54	-12
782.79	-11.2
783.04	8.4
783.29	-1.4
783.54	-3
783.79	-19.6
784.04	-4.6
784.29	8.8
784.54	4.2
784.79	2
785.04	14.4
785.29	-10.6
785.54	0.8
785.79	22.8
786.04	3.4
786.29	-0.6
786.54	7
786.79	19.4
787.04	-8.2
787.29	-13.6
787.54	12
787.79	-12.2
788.04	-3
788.29	-2.2
788.53	-4.4
788.78	-5.6
789.03	7
789.28	13.2
789.53	0.2
789.78	9.6
790.03	7.8
790.28	-2.4
790.53	-0.8
790.78	-8.2
791.03	2.2
791.28	2.6
791.53	3.2
791.78	-11
792.03	24
792.28	-13
792.53	-29
792.78	-14
793.03	5
793.28	-7.2
793.53	6.2
793.78	10.8
794.03	-12.6
794.27	14.2
794.52	-7.4
794.77	1.2
795.02	-11.2
795.27	-0.4
795.52	6.2
795.77	5.4
796.02	-19.2
796.27	2.4
796.52	-17.6
796.77	6.2
797.02	-1.2
797.27	-14
797.52	-7.2
797.77	22.2
798.02	9
798.27	17
798.51	-5.4
798.76	6.6
799.01	-6.6
799.26	5.8
799.51	-11.6
799.76	7.2
800.01	-10.6
800.26	17.6
800.51	-2.6
800.76	9.8
801.01	1
801.26	-7
801.51	4.4
801.76	-4.6
802	-13
802.25	-14.6
802.5	-5.4
802.75	-2
803	11
803.25	7.4
803.5	0
803.75	-17.8
804	0.4
804.25	6.4
804.5	-17.2
804.74	-3
804.99	1.6
805.24	24
805.49	2.4
805.74	18.6
805.99	-10.8
806.24	-13.2
806.49	-5.6
806.74	1.4
806.99	6.4
807.24	-3.6
807.48	0.2
807.73	4
807.98	3.2
808.23	-6
808.48	1.4
808.73	-10.8
808.98	15
809.23	10
809.48	-2.6
809.72	-6
809.97	-1.6
810.22	6.8
810.47	9.6
810.72	-4.2
810.97	14
811.22	-8.2
811.47	7.4
811.72	1
811.96	17.4
812.21	6
812.46	-13.4
812.71	-6.8
812.96	13.8
813.21	3
813.46	-11.8
813.71	2.8
813.96	14
814.2	-2.2
814.45	1
814.7	4
814.95	17.2
815.2	16.2
815.45	-3.2
815.7	16.8
815.95	-10.8
816.19	-0.4
816.44	-10
816.69	4.4
816.94	-11
817.19	14.6
817.44	5
817.69	5
817.93	5.2
818.18	28.4
818.43	-6.4
818.68	1.2
818.93	-5.8
819.18	-11
819.43	-11.8
819.67	-3.2
819.92	-6.4
820.17	8.4
820.42	-8.8
820.67	-1.4
820.92	-10.4
821.17	-6.8
821.41	16.6
821.66	-6.6
821.91	9.2
822.16	17
822.41	-6.4
822.66	0.4
822.9	10.8
823.15	14.6
823.4	2.6
823.65	6.6
823.9	-12.6
824.15	-2.6
824.4	-7.2
824.64	12.6
824.89	-14
825.14	8.8
825.39	0.2
825.64	-11.8
825.89	-10.8
826.13	-11.6
826.38	14.2
826.63	-1.8
826.88	-4
827.13	10.2
827.38	15.6
827.62	4
827.87	13
828.12	21.6
828.37	21.4
828.62	24.4
828.86	4.8
829.11	-1.8
829.36	3.6
829.61	-8.2
829.86	-1.6
830.11	11.8
830.35	10.8
830.6	5
830.85	5.8
831.1	20.8
831.35	2.6
831.59	-2.4
831.84	11.2
832.09	18.6
832.34	9.4
832.59	-5.6
832.84	3.4
833.08	7
833.33	-2.2
833.58	11.2
833.83	3.6
834.08	2.2
834.32	14
834.57	6.6
834.82	-0.2
835.07	-2.6
835.32	12.6
835.56	-24.4
835.81	20
836.06	-15.4
836.31	9.4
836.56	7.2
836.8	-9.6
837.05	-4.8
837.3	23
837.55	-11
837.8	-6
838.04	-7
838.29	11.4
838.54	3.4
838.79	10.8
839.03	-0.6
839.28	-11.6
839.53	20
839.78	-2.4
840.03	6.8
840.27	8.4
840.52	15.4
840.77	-28.4
841.02	-10.6
841.26	3.2
841.51	2.4
841.76	12.4
842.01	-8.8
842.26	4.8
842.5	14.2
842.75	-11.8
843	9.4
843.25	1.8
843.49	-7.2
843.74	7.6
843.99	5
844.24	4.2
844.48	3
844.73	10.2
844.98	18.6
845.23	-11.2
845.48	20.8
845.72	3.6
845.97	-0.2
846.22	4.8
846.47	-5.8
846.71	5.6
846.96	7.2
847.21	1.4
847.46	15.2
847.7	-4.8
847.95	0
848.2	-1.8
848.45	-15.2
848.69	7.6
848.94	6
849.19	-3.4
849.44	22.8
849.68	14.4
849.93	8.4
850.18	-5.4
850.43	7
850.67	2
850.92	-11
851.17	-7.6
851.42	-6
851.66	8
851.91	-0.8
852.16	-6.8
852.41	21
852.65	15.6
852.9	7
853.15	31.4
853.39	3.2
853.64	-8.2
853.89	-1.6
854.14	15.4
854.38	13.4
854.63	10.2
854.88	-0.8
855.13	-1.4
855.37	-1.2
855.62	31.4
855.87	-17.6
856.11	7.4
856.36	39.8
856.61	36
856.86	10.2
857.1	14.2
857.35	1.4
857.6	-3.2
857.85	12.2
858.09	-14.6
858.34	-9.2
858.59	11
858.83	0.4
859.08	8.4
859.33	32.6
859.58	-6.6
859.82	7
860.07	-4.8
860.32	1.8
860.56	25.4
860.81	14
861.06	0.8
861.3	14.6
861.55	-2.4
861.8	-3.6
862.05	14.2
862.29	4
862.54	-3.6
862.79	-10.4
863.03	-6.4
863.28	1.2
863.53	4.6
863.77	6.8
864.02	5.8
864.27	2
864.52	-14.8
864.76	10.6
865.01	9.4
865.26	27.8
865.5	1.8
865.75	12.6
866	-24.2
866.24	-7.8
866.49	11.2
866.74	2.4
866.98	-9.6
867.23	-8
867.48	17
867.72	-14
867.97	10
868.22	-5.2
868.46	-10
868.71	-0.6
868.96	15.4
869.21	-3
869.45	18
869.7	-10.6
869.95	2.4
870.19	1.4
870.44	-3.6
870.69	-10.8
870.93	1.2
871.18	19
871.43	-8.8
871.67	-3.8
871.92	-4
872.17	9
872.41	17.6
872.66	0
872.91	3.4
873.15	-18.6
873.4	-9
873.64	-0.8
873.89	-21.2
874.14	32.4
874.38	6.4
874.63	0.4
874.88	7.8
875.12	3
875.37	2.8
875.62	35
875.86	-10.4
876.11	1.4
876.36	6.8
876.6	21.6
876.85	-2
877.1	19
877.34	-1
877.59	35.8
877.84	-22.2
878.08	6
878.33	5.8
878.57	-5.2
878.82	-6.6
879.07	13.4
879.31	16.2
879.56	-14.2
879.81	5.4
880.05	-6.2
880.3	5.6
880.55	-9.2
880.79	2.2
881.04	12
881.28	14.2
881.53	0.4
881.78	1
882.02	8.2
882.27	16.4
882.52	18.2
882.76	23.8
883.01	-8.8
883.25	17.2
883.5	-6.2
883.75	3.6
883.99	2
884.24	6.6
884.49	-2.2
884.73	2.2
884.98	0.2
885.22	10.2
885.47	8.6
885.72	29
885.96	-6.2
886.21	-9.2
886.45	11.6
886.7	4.4
886.95	-2.2
887.19	9.6
887.44	12.2
887.69	1.2
887.93	8.2
888.18	0.8
888.42	3.4
888.67	-2.6
888.92	13.8
889.16	0.6
889.41	16
889.65	27.2
889.9	-10.2
890.15	3.8
890.39	-2.2
890.64	0.4
890.88	34
891.13	9.8
891.38	7.2
891.62	-13.2
891.87	-5
892.11	-3
892.36	9.6
892.6	1.4
892.85	17.4
893.1	-20.6
893.34	-1.4
893.59	-4
893.83	9.4
894.08	-6.6
894.33	13.4
894.57	-1
894.82	17.2
895.06	5.8
895.31	4.4
895.55	-0.8
895.8	-15
896.05	-15.4
896.29	3.8
896.54	6.6
896.78	2.2
897.03	-6.6
897.27	17
897.52	10.2
897.77	33.4
898.01	22.2
898.26	-5.2
898.5	-1.8
898.75	-12.8
898.99	7.4
899.24	19.2
899.49	9
899.73	33.6
899.98	7.8
900.22	11.2
900.47	-12.4
900.71	24
900.96	-0.4
901.2	24.4
901.45	11.6
901.7	3.4
901.94	0
902.19	13.2
902.43	14.2
902.68	4.4
902.92	-5.2
903.17	16.6
903.41	-10
903.66	18.6
903.91	12.6
904.15	0.4
904.4	-3.6
904.64	26
904.89	-1.6
905.13	-7.2
905.38	11.4
905.62	-0.4
905.87	-6.8
906.11	-4.8
906.36	22.6
906.6	19.2
906.85	-7.6
907.1	17.2
907.34	12.4
907.59	4.4
907.83	5.6
908.08	9.6
908.32	-18.6
908.57	5.8
908.81	6.8
909.06	8.4
909.3	7.6
909.55	19
909.79	2
910.04	-14.6
910.28	-0.4
910.53	5.2
910.77	-0.6
911.02	16.4
911.26	-4.6
911.51	22.8
911.75	8
912	21.4
912.25	-12.2
912.49	0.8
912.74	-8.4
912.98	27.6
913.23	-6.6
913.47	-2.8
913.72	4
913.96	4.8
914.21	13.6
914.45	3.8
914.7	2
914.94	-5.2
915.19	11.6
915.43	7
915.68	0
915.92	12.8
916.17	-2.2
916.41	7.8
916.66	-7.2
916.9	16.4
917.15	25.4
917.39	-5
917.64	1.2
917.88	7.2
918.13	-0.6
918.37	-22.4
918.62	21.2
918.86	15.6
919.11	19.4
919.35	6.8
919.6	4.2
919.84	-5.2
920.08	-11.4
920.33	3.6
920.57	-24
920.82	16.2
921.06	9
921.31	23.8
921.55	-1.8
921.8	-7
922.04	11.6
922.29	-11.2
922.53	-17.6
922.78	0.2
923.02	-6.2
923.27	7
923.51	-4
923.76	-13.4
924	3
924.25	-11.2
924.49	-9
924.74	-2.4
924.98	-11.8
925.22	5.2
925.47	-17.6
925.71	-0.8
925.96	15.8
926.2	-12.4
926.45	-19.4
926.69	-0.8
926.94	14.4
927.18	28.8
927.43	14
927.67	-2.4
927.92	-8.2
928.16	-13.8
928.4	-10.4
928.65	-1.2
928.89	14.6
929.14	-9.8
929.38	9
929.63	1.4
929.87	5.4
930.12	10.6
930.36	10.4
930.6	-3.2
930.85	5
931.09	2.8
931.34	28
931.58	-12.2
931.83	-11.6
932.07	6.6
932.32	5
932.56	7.2
932.8	-8
933.05	9
933.29	-10.6
933.54	11
933.78	-3.2
934.03	8.8
934.27	7
934.51	3.8
934.76	-0.2
935	-3.4
935.25	-2
935.49	5
935.74	17.6
935.98	27.8
936.22	14.4
936.47	-0.2
936.71	-8.4
936.96	19.8
937.2	3.6
937.45	-0.8
937.69	-13.6
937.93	16.2
938.18	12.2
938.42	4.4
938.67	-8.8
938.91	-6.6
939.15	10.8
939.4	-9.2
939.64	-3.8
939.89	-2.2
940.13	1.4
940.38	-15.8
940.62	-5.4
940.86	9.6
941.11	-1.6
941.35	19.8
941.6	-1.2
941.84	-2.8
942.08	18
942.33	-2.6
942.57	-10.4
942.82	1.6
943.06	19.6
943.3	13.8
943.55	-4
943.79	-14.8
944.04	5.2
944.28	9.8
944.52	-20.2
944.77	17.8
945.01	2
945.25	-3.6
945.5	-13.2
945.74	-9.2
945.99	6
946.23	-4.8
946.47	4.2
946.72	5.2
946.96	-6.4
947.21	-1.4
947.45	12.6
947.69	-3.6
947.94	1.8
948.18	23.4
948.42	-11.4
948.67	7.4
948.91	-2.8
949.16	19.8
949.4	-9.8
949.64	-2.2
949.89	-13.2
950.13	2.8
950.37	5
950.62	20.2
950.86	5
951.11	6.8
951.35	18.2
951.59	7.8
951.84	8.6
952.08	-0.8
952.32	-15.8
952.57	-0.4
952.81	1.8
953.05	17.2
953.3	5
953.54	-17.2
953.78	35.6
954.03	2.4
954.27	14.4
954.52	11.8
954.76	5
955	6.6
955.25	1
955.49	6
955.73	-9.4
955.98	20.6
956.22	14.8
956.46	-5.8
956.71	-13
956.95	-6.2
957.19	1.8
957.44	20.8
957.68	13.2
957.92	2.2
958.17	4.4
958.41	3
958.65	12
958.9	9.8
959.14	26.6
959.38	-14.4
959.63	0
959.87	25.8
960.11	25.8
960.36	-8.6
960.6	-8.2
960.84	13.4
961.09	24.6
961.33	10.4
961.57	-15.2
961.82	-1.4
962.06	-10
962.3	3
962.55	12
962.79	-8.6
963.03	3.2
963.28	-0.6
963.52	13.8
963.76	19.6
964.01	-29.8
964.25	20.8
964.49	-8.8
964.74	-12.6
964.98	6.8
965.22	2.2
965.47	-6.4
965.71	7
965.95	-1.6
966.19	9.4
966.44	2
966.68	-10.8
966.92	9.8
967.17	-9.8
967.41	11
967.65	11.8
967.9	11.6
968.14	-31.6
968.38	19.8
968.62	8.4
968.87	11
969.11	-3.4
969.35	2.8
969.6	8.8
969.84	-13.6
970.08	-11.6
970.33	18.2
970.57	-11.8
970.81	-7.4
971.05	-6.6
971.3	-7
971.54	3.8
971.78	21.8
972.03	25
972.27	-23.8
972.51	-22
972.75	-2.6
973	1
973.24	7.8
973.48	16.6
973.73	2.4
973.97	25.6
974.21	7.2
974.45	9.4
974.7	-6.2
974.94	-4.4
975.18	-11.8
975.42	15
975.67	27.2
975.91	7.6
976.15	-1.6
976.4	8.2
976.64	6
976.88	26.6
977.12	6.6
977.37	15.4
977.61	5.6
977.85	8
978.09	5.6
978.34	-1.6
978.58	1.4
978.82	-10.8
979.06	12.2
979.31	2.2
979.55	18
979.79	5
980.03	-12
980.28	-9.4
980.52	10.2
980.76	4.4
981	7.2
981.25	-4
981.49	16.6
981.73	-0.8
981.97	6.8
982.22	-0.2
982.46	4
982.7	-1.2
982.94	10.4
983.19	23.8
983.43	17.2
983.67	0.2
983.91	0.2
984.16	-2.8
984.4	-1.2
984.64	-13.4
984.88	0.4
985.13	1.6
985.37	12.4
985.61	30
985.85	20.8
986.1	3.6
986.34	-12
986.58	-0.8
986.82	-2.4
987.06	-13
987.31	15.6
987.55	1.6
987.79	-3
988.03	21.6
988.28	14
988.52	6.4
988.76	0
989	-5.6
989.24	-1.4
989.49	-8.8
989.73	-17
989.97	-3.2
990.21	-3.2
990.46	16.8
990.7	7.2
990.94	1.4
991.18	-12.8
991.42	6.8
991.67	0.2
991.91	0
992.15	11.2
992.39	1.4
992.63	18.4
992.88	10.4
993.12	2.2
993.36	6.2
993.6	17.4
993.84	11.6
994.09	9.4
994.33	6.6
994.57	7.2
994.81	25.2
995.05	-6
995.3	-2.6
995.54	18.8
995.78	3.6
996.02	-16.8
996.26	0.6
996.51	17.2
996.75	21
996.99	4
997.23	-2.4
997.47	18.6
997.72	12.8
997.96	8.8
998.2	-11.6
998.44	-16.2
998.68	1
998.92	15.6
999.17	20.4
999.41	9.8
999.65	1.4
999.89	15.2
1000.13	-11.4
1000.38	1.8
1000.62	12.4
1000.86	9.6
1001.1	-3.8
1001.34	7.4
1001.58	2.6
1001.83	8
1002.07	6.2
1002.31	10.2
1002.55	23.2
1002.79	5.2
1003.03	12
1003.28	-6.4
1003.52	10.6
1003.76	13
1004	-7.4
1004.24	7.6
1004.48	4
1004.73	21.2
1004.97	11.2
1005.21	-1.2
1005.45	3.2
1005.69	-6.8
1005.93	23.8
1006.17	-10.6
1006.42	16.8
1006.66	-10
1006.9	-4.2
1007.14	12.8
1007.38	-4.4
1007.62	1.2
1007.87	14.8
1008.11	-12.2
1008.35	10.8
1008.59	-17.4
1008.83	-1.2
1009.07	1.6
1009.31	6.8
1009.56	31.2
1009.8	8.8
1010.04	6.8
1010.28	8.2
1010.52	25
1010.76	5.8
1011	4.4
1011.24	16
1011.49	19.8
1011.73	-1.8
1011.97	16.6
1012.21	5.2
1012.45	9.8
1012.69	19.2
1012.93	4.6
1013.18	13.4
1013.42	-2.8
1013.66	18.4
1013.9	5.2
1014.14	12
1014.38	17.6
1014.62	31.2
1014.86	6.8
1015.1	1.6
1015.35	21.8
1015.59	12.6
1015.83	-17.6
1016.07	12.4
1016.31	36.4
1016.55	-2.4
1016.79	3.4
1017.03	8.6
1017.28	7.2
1017.52	1.8
1017.76	11.4
1018	4
1018.24	17
1018.48	28
1018.72	1.6
1018.96	0.4
1019.2	19.2
1019.44	16.6
1019.69	13.4
1019.93	4.2
1020.17	1.4
1020.41	10.8
1020.65	8
1020.89	4.4
1021.13	14.6
1021.37	20.2
1021.61	18
1021.85	14.2
1022.1	15.6
1022.34	-2.6
1022.58	17.6
1022.82	13.6
1023.06	5.4
1023.3	24.8
1023.54	4.8
1023.78	12.2
1024.02	19.6
1024.26	38
1024.5	19.2
1024.74	16.6
1024.99	39.4
1025.23	54.6
1025.47	25.8
1025.71	6
1025.95	22.8
1026.19	6.6
1026.43	25.6
1026.67	15.2
1026.91	32.6
1027.15	-5.6
1027.39	4.8
1027.63	31.8
1027.87	33.4
1028.11	31
1028.36	10.6
1028.6	36.8
1028.84	48.2
1029.08	15.2
1029.32	55.2
1029.56	20.8
1029.8	19.2
1030.04	26.6
1030.28	30.8
1030.52	21.4
1030.76	38.2
1031	38.2
1031.24	30.6
1031.48	17
1031.72	43
1031.96	31.2
1032.2	22
1032.44	41.2
1032.69	44.2
1032.93	39
1033.17	42
1033.41	36.6
1033.65	31.4
1033.89	31.4
1034.13	35
1034.37	53.2
1034.61	31.4
1034.85	51.2
1035.09	44.4
1035.33	58
1035.57	68.2
1035.81	55.4
1036.05	38.6
1036.29	91.2
1036.53	52.4
1036.77	84.4
1037.01	78.8
1037.25	77.8
1037.49	68.4
1037.73	76.4
1037.97	83.6
1038.21	71.2
1038.45	91.6
1038.69	91
1038.93	99.6
1039.17	76.6
1039.42	96.6
1039.66	137.8
1039.9	99.8
1040.14	117.6
1040.38	105.8
1040.62	103.2
1040.86	133.2
1041.1	131
1041.34	158.8
1041.58	157.2
1041.82	119.6
1042.06	153.4
1042.3	173.4
1042.54	213.2
1042.78	185.6
1043.02	196.4
1043.26	218.6
1043.5	206.4
1043.74	220
1043.98	247.2
1044.22	265.2
1044.46	302.6
1044.7	325.2
1044.94	311.8
1045.18	306.8
1045.42	328.6
1045.66	360.2
1045.9	337.8
1046.14	383.8
1046.38	404
1046.62	502
1046.86	757.2
1047.1	1203.2
1047.34	1837.4
1047.58	2566.8
1047.82	3403.6
1048.06	4468.2
1048.3	5303.6
1048.54	5922.4
1048.78	6319.8
1049.02	6539.2
1049.26	6687.2
1049.5	6859.6
1049.74	7195
1049.98	7398.4
1050.21	7700.6
1050.45	7886.4
1050.69	7842.6
1050.93	7619.6
1051.17	7510.2
1051.41	7339.8
1051.65	7142.6
1051.89	6950.4
1052.13	7136.6
1052.37	6919.4
1052.61	6770.4
1052.85	6263.6
1053.09	5916
1053.33	5987
1053.57	6229.4
1053.81	6112.4
1054.05	5881.6
1054.29	5422.8
1054.53	4878
1054.77	4808.8
1055.01	4776.4
1055.25	4768.6
1055.49	4622.8
1055.73	4707.4
1055.97	4698.6
1056.21	4580.4
1056.45	4399.8
1056.69	4333.8
1056.92	4253.8
1057.16	4113.4
1057.4	4096.6
1057.64	4154.8
1057.88	4179.4
1058.12	4325.4
1058.36	4295
1058.6	4226.8
1058.84	3889.8
1059.08	3687.4
1059.32	3761.2
1059.56	3764.4
1059.8	3961.2
1060.04	3866.8
1060.28	3619.6
1060.52	3323
1060.76	3128
1061	3109
1061.23	2987.8
1061.47	2832.8
1061.71	2754.4
1061.95	2545.8
1062.19	2432.4
1062.43	2337.8
1062.67	2199.2
1062.91	2134.4
1063.15	2076.2
1063.39	1999.8
1063.63	1951.8
1063.87	1939.2
1064.11	1889.2
1064.35	1932.8
1064.58	1873.8
1064.82	1793.2
1065.06	1767.2
1065.3	1741.2
1065.54	1651.8
1065.78	1603
1066.02	1510.2
1066.26	1427.4
1066.5	1299
1066.74	1168.4
1066.98	933
1067.21	782.8
1067.45	613
1067.69	518.4
1067.93	433.6
1068.17	359
1068.41	300.4
1068.65	242.2
1068.89	220.6
1069.13	200.2
1069.37	178
1069.61	179.6
1069.84	177.4
1070.08	154.6
1070.32	163.8
1070.56	131.2
1070.8	145.6
1071.04	141.6
1071.28	128.4
1071.52	115.8
1071.76	115.6
1071.99	98.4
1072.23	84.2
1072.47	85.8
1072.71	105
1072.95	84.8
1073.19	85.2
1073.43	81.8
1073.67	85.8
1073.91	72.4
1074.14	70.8
1074.38	69
1074.62	66
1074.86	62.4
1075.1	51
1075.34	56.6
1075.58	53
1075.82	63.2
1076.05	31.2
1076.29	51.2
1076.53	41.6
1076.77	37
1077.01	28.2
1077.25	61
1077.49	24.2
1077.73	28
1077.96	45.6
1078.2	38.4
1078.44	35
1078.68	45.2
1078.92	32.4
1079.16	39
1079.4	40.6
1079.63	15.2
1079.87	22.6
1080.11	24.6
1080.35	31.6
1080.59	36.4
1080.83	15.8
1081.07	49
1081.3	19
1081.54	18.6
1081.78	15.6
1082.02	17
1082.26	27.6
1082.5	19.2
1082.74	10
1082.97	26.4
1083.21	25
1083.45	36
1083.69	20.2
1083.93	8
1084.17	-5.4
1084.4	10.4
1084.64	30
1084.88	-11.6
1085.12	21
1085.36	8
1085.6	10.8
1085.84	27.6
1086.07	24.8
1086.31	12.6
1086.55	43.2
1086.79	5.6
1087.03	31.2
1087.26	27
1087.5	15.2
1087.74	7.6
1087.98	31
1088.22	18.6
1088.46	9.2
1088.69	-2.6
1088.93	17.4
1089.17	13.6
1089.41	10.2
1089.65	17.4
1089.89	18
1090.12	13.8
1090.36	2.8
1090.6	9.8
1090.84	14.6
1091.08	15.2
1091.31	30
1091.55	-8.6
1091.79	6.8
1092.03	6.2
1092.27	11.6
1092.5	4.2
1092.74	-5
1092.98	18.2
1093.22	33.2
1093.46	14.6
1093.7	17.2
1093.93	12.6
1094.17	16.4
1094.41	-8.2
1094.65	0.6
1094.89	0.6
1095.12	14.8
1095.36	20.6
1095.6	17.8
1095.84	10.8
1096.07	3.2
1096.31	16.2
1096.55	-11.6
1096.79	16.8
1097.03	-3
1097.26	3
1097.5	17.6
1097.74	10.6
1097.98	14
1098.22	6
1098.45	25.6
1098.69	9.4
1098.93	-15
1099.17	19.2
1099.4	4.6
1099.64	4.4
1099.88	21.8
1100.12	-3.6
1100.36	7
1100.59	-13.8
1100.83	35.4
1101.07	-8.8
1101.31	14.8
1101.54	26.6
1101.78	6.6
1102.02	14
1102.26	6
1102.5	9.6
1102.73	9.8
1102.97	1.4
1103.21	22.4
1103.45	25
1103.68	34.2
1103.92	-7.4
1104.16	4
1104.4	22.4
1104.63	9.8
1104.87	24.4
1105.11	18.8
1105.35	20.4
1105.58	2.8
1105.82	-0.6
1106.06	16.4
1106.3	23.4
1106.53	-15
1106.77	13
1107.01	0.2
1107.25	-3
1107.48	7
1107.72	12.8
1107.96	30
1108.2	30
1108.43	2.6
1108.67	19
1108.91	27.6
1109.15	13.2
1109.38	-12
1109.62	5.4
1109.86	-2.6
1110.1	-3
1110.33	-14.6
1110.57	-13.4
1110.81	1.6
1111.04	24.6
1111.28	-3.2
1111.52	6.4
1111.76	3.6
1111.99	1.6
1112.23	22.2
1112.47	9.4
1112.71	13.2
1112.94	10.4
1113.18	2.4
1113.42	-5
1113.65	0
1113.89	17
1114.13	-6.8
1114.37	8.8
1114.6	18.8
1114.84	12.2
1115.08	28.6
1115.31	-2.2
1115.55	-3
1115.79	30
1116.03	14
1116.26	2
1116.5	4
1116.74	12.2
1116.97	13.8
1117.21	12
1117.45	19
1117.69	1.8
1117.92	39.2
1118.16	-15.6
1118.4	18.6
1118.63	1
1118.87	-6.4
1119.11	15.4