194.99	10
195.26	10
195.52	10
195.79	16
196.06	-13
196.33	9
196.6	-7
196.87	9
197.13	-13
197.4	-13
197.67	-37
197.94	-9
198.21	-4
198.48	-18
198.74	18
199.01	1
199.28	-5
199.55	5
199.82	3
200.09	4
200.35	-11
200.62	-17
200.89	20
201.16	-1
201.43	-2
201.69	-5
201.96	19
202.23	-2
202.5	-16
202.77	8
203.04	20
203.3	20
203.57	-4
203.84	4
204.11	-3
204.38	4
204.64	-1
204.91	1
205.18	0
205.45	-9
205.72	8
205.98	-7
206.25	5
206.52	-6
206.79	16
207.06	26
207.32	-1
207.59	6
207.86	-25
208.13	18
208.4	16
208.67	42
208.93	-11
209.2	3
209.47	31
209.74	19
210	10
210.27	-3
210.54	14
210.81	-6
211.08	-2
211.34	18
211.61	-9
211.88	-3
212.15	5
212.42	8
212.68	33
212.95	12
213.22	-18
213.49	-3
213.76	-15
214.02	-3
214.29	4
214.56	-22
214.83	-29
215.09	-16
215.36	2
215.63	-1
215.9	-31
216.17	5
216.43	14
216.7	-23
216.97	4
217.24	-7
217.5	-6
217.77	-8
218.04	0
218.31	-2
218.58	-12
218.84	-3
219.11	19
219.38	-9
219.65	-3
219.91	-3
220.18	-8
220.45	-2
220.72	-36
220.98	27
221.25	2
221.52	-9
221.79	19
222.05	-6
222.32	2
222.59	-9
222.86	14
223.13	16
223.39	-2
223.66	13
223.93	-3
224.2	22
224.46	21
224.73	3
225	0
225.27	10
225.53	-36
225.8	33
226.07	9
226.34	12
226.6	-23
226.87	-8
227.14	-7
227.41	6
227.67	10
227.94	0
228.21	-4
228.48	-1
228.74	10
229.01	15
229.28	-2
229.55	-6
229.81	-18
230.08	21
230.35	27
230.61	14
230.88	-9
231.15	0
231.42	13
231.68	-18
231.95	32
232.22	10
232.49	-11
232.75	2
233.02	7
233.29	-9
233.56	4
233.82	-4
234.09	5
234.36	30
234.62	20
234.89	6
235.16	7
235.43	12
235.69	-5
235.96	9
236.23	10
236.5	3
236.76	-10
237.03	8
237.3	16
237.56	9
237.83	12
238.1	32
238.37	5
238.63	7
238.9	5
239.17	16
239.43	5
239.7	-4
239.97	4
240.24	7
240.5	-25
240.77	6
241.04	30
241.3	7
241.57	29
241.84	-3
242.1	-3
242.37	10
242.64	24
242.91	-9
243.17	16
243.44	17
243.71	4
243.97	16
244.24	22
244.51	38
244.77	-18
245.04	-48
245.31	14
245.58	19
245.84	-9
246.11	9
246.38	-14
246.64	-21
246.91	-16
247.18	-13
247.44	-4
247.71	-2
247.98	7
248.24	-6
248.51	-6
248.78	3
249.05	2
249.31	-12
249.58	11
249.85	-5
250.11	3
250.38	-2
250.65	19
250.91	-7
251.18	25
251.45	2
251.71	-31
251.98	-10
252.25	-1
252.51	9
252.78	-13
253.05	7
253.31	0
253.58	-3
253.85	-17
254.11	-9
254.38	-6
254.65	3
254.91	28
255.18	-6
255.45	7
255.71	-14
255.98	-33
256.25	21
256.51	9
256.78	7
257.05	25
257.31	-14
257.58	-4
257.85	-4
258.11	11
258.38	19
258.65	-3
258.91	8
259.18	0
259.45	-4
259.71	-26
259.98	-1
260.25	-33
260.51	1
260.78	-3
261.05	0
261.31	-12
261.58	-7
261.85	3
262.11	-8
262.38	26
262.65	19
262.91	-1
263.18	7
263.44	8
263.71	21
263.98	13
264.24	-15
264.51	9
264.78	12
265.04	44
265.31	7
265.58	18
265.84	-2
266.11	4
266.37	-19
266.64	12
266.91	15
267.17	0
267.44	22
267.71	16
267.97	-4
268.24	14
268.51	5
268.77	24
269.04	-13
269.3	15
269.57	4
269.84	9
270.1	-9
270.37	25
270.64	-9
270.9	-21
271.17	10
271.43	-26
271.7	19
271.97	-1
272.23	0
272.5	10
272.77	-4
273.03	-6
273.3	18
273.56	-2
273.83	1
274.1	-12
274.36	21
274.63	-12
274.89	1
275.16	-4
275.43	8
275.69	21
275.96	-11
276.23	1
276.49	44
276.76	1
277.02	19
277.29	-8
277.56	31
277.82	-11
278.09	2
278.35	18
278.62	-1
278.89	15
279.15	6
279.42	-13
279.68	1
279.95	-20
280.22	8
280.48	5
280.75	11
281.01	11
281.28	27
281.55	11
281.81	-4
282.08	9
282.34	-4
282.61	22
282.87	2
283.14	-5
283.41	1
283.67	-7
283.94	24
284.2	11
284.47	-32
284.74	1
285	9
285.27	-10
285.53	23
285.8	-5
286.06	5
286.33	-39
286.6	22
286.86	-17
287.13	4
287.39	-2
287.66	28
287.93	17
288.19	8
288.46	-13
288.72	-12
288.99	2
289.25	-2
289.52	-7
289.79	24
290.05	-19
290.32	4
290.58	7
290.85	5
291.11	3
291.38	3
291.64	-15
291.91	-18
292.18	37
292.44	17
292.71	4
292.97	-23
293.24	-24
293.5	-28
293.77	-15
294.04	-10
294.3	-17
294.57	-15
294.83	20
295.1	19
295.36	-7
295.63	7
295.89	-15
296.16	25
296.43	-6
296.69	8
296.96	-19
297.22	6
297.49	-2
297.75	-4
298.02	-34
298.28	-6
298.55	19
298.81	8
299.08	-31
299.35	1
299.61	3
299.88	-1
300.14	-11
300.41	5
300.67	-22
300.94	14
301.2	-25
301.47	12
301.73	8
302	-9
302.26	9
302.53	-12
302.79	3
303.06	-2
303.33	-27
303.59	1
303.86	-10
304.12	7
304.39	-6
304.65	-28
304.92	14
305.18	-3
305.45	20
305.71	-8
305.98	0
306.24	-3
306.51	13
306.77	13
307.04	-8
307.3	23
307.57	-26
307.83	-21
308.1	-11
308.36	-39
308.63	-17
308.89	-6
309.16	-4
309.43	-2
309.69	11
309.96	-3
310.22	-7
310.49	-23
310.75	2
311.02	29
311.28	14
311.55	4
311.81	-16
312.08	-6
312.34	14
312.61	-8
312.87	-23
313.14	0
313.4	2
313.67	10
313.93	17
314.2	1
314.46	-13
314.73	6
314.99	-22
315.26	9
315.52	-1
315.79	-17
316.05	-30
316.32	-16
316.58	2
316.85	-11
317.11	13
317.38	-12
317.64	-7
317.91	-12
318.17	1
318.43	32
318.7	-23
318.96	-3
319.23	7
319.49	-27
319.76	21
320.02	7
320.29	-3
320.55	19
320.82	-1
321.08	13
321.35	8
321.61	-1
321.88	-9
322.14	17
322.41	9
322.67	-16
322.94	0
323.2	11
323.47	9
323.73	-4
324	36
324.26	18
324.52	10
324.79	-1
325.05	-2
325.32	13
325.58	-8
325.85	-4
326.11	-3
326.38	5
326.64	28
326.91	-17
327.17	-18
327.44	9
327.7	-31
327.96	34
328.23	-3
328.49	-2
328.76	-22
329.02	20
329.29	10
329.55	13
329.82	18
330.08	-19
330.35	27
330.61	-5
330.87	15
331.14	3
331.4	-9
331.67	0
331.93	18
332.2	9
332.46	0
332.73	-4
332.99	0
333.25	9
333.52	5
333.78	31
334.05	-8
334.31	5
334.58	21
334.84	22
335.11	-9
335.37	-17
335.63	4
335.9	11
336.16	10
336.43	25
336.69	11
336.96	-6
337.22	9
337.48	13
337.75	14
338.01	-17
338.28	12
338.54	33
338.81	15
339.07	-16
339.33	17
339.6	16
339.86	21
340.13	12
340.39	-1
340.66	11
340.92	-21
341.18	62
341.45	-7
341.71	1
341.98	-19
342.24	6
342.51	0
342.77	4
343.03	2
343.3	18
343.56	16
343.83	-7
344.09	11
344.35	13
344.62	15
344.88	45
345.15	4
345.41	13
345.67	-2
345.94	36
346.2	52
346.47	33
346.73	-3
346.99	26
347.26	16
347.52	15
347.79	8
348.05	-14
348.31	21
348.58	40
348.84	13
349.11	21
349.37	32
349.63	12
349.9	4
350.16	18
350.43	31
350.69	-5
350.95	14
351.22	16
351.48	43
351.75	20
352.01	23
352.27	34
352.54	11
352.8	-3
353.06	18
353.33	14
353.59	26
353.86	24
354.12	9
354.38	29
354.65	12
354.91	20
355.18	22
355.44	-2
355.7	1
355.97	20
356.23	26
356.49	6
356.76	23
357.02	29
357.29	-4
357.55	19
357.81	-4
358.08	-23
358.34	-1
358.6	5
358.87	12
359.13	11
359.39	7
359.66	19
359.92	-1
360.19	8
360.45	9
360.71	3
360.98	22
361.24	27
361.5	19
361.77	-19
362.03	16
362.29	-7
362.56	-4
362.82	18
363.09	-4
363.35	6
363.61	18
363.88	10
364.14	16
364.4	19
364.67	21
364.93	12
365.19	-6
365.46	-17
365.72	7
365.98	8
366.25	34
366.51	2
366.77	6
367.04	-10
367.3	-3
367.56	3
367.83	-26
368.09	27
368.35	-5
368.62	21
368.88	-11
369.14	7
369.41	0
369.67	10
369.93	2
370.2	5
370.46	-9
370.72	5
370.99	1
371.25	-3
371.51	-25
371.78	-3
372.04	20
372.3	20
372.57	3
372.83	10
373.09	19
373.36	-7
373.62	20
373.88	2
374.15	7
374.41	-37
374.67	3
374.94	0
375.2	-12
375.46	22
375.73	-6
375.99	-5
376.25	9
376.52	11
376.78	-2
377.04	16
377.31	9
377.57	19
377.83	-16
378.09	-21
378.36	-7
378.62	6
378.88	15
379.15	15
379.41	-27
379.67	-3
379.94	-22
380.2	2
380.46	0
380.73	35
380.99	8
381.25	3
381.51	8
381.78	29
382.04	-1
382.3	7
382.57	27
382.83	19
383.09	10
383.36	25
383.62	9
383.88	6
384.14	-9
384.41	11
384.67	21
384.93	-12
385.2	4
385.46	4
385.72	22
385.98	23
386.25	0
386.51	0
386.77	-5
387.04	17
387.3	-8
387.56	12
387.82	-36
388.09	-6
388.35	12
388.61	4
388.88	14
389.14	13
389.4	-10
389.66	-3
389.93	5
390.19	19
390.45	4
390.71	-16
390.98	26
391.24	6
391.5	0
391.77	-18
392.03	12
392.29	20
392.55	12
392.82	-6
393.08	14
393.34	-9
393.6	-1
393.87	2
394.13	12
394.39	8
394.65	-16
394.92	15
395.18	-21
395.44	-12
395.7	-15
395.97	13
396.23	-12
396.49	19
396.75	20
397.02	11
397.28	3
397.54	15
397.8	-18
398.07	-4
398.33	23
398.59	9
398.85	17
399.12	11
399.38	-2
399.64	10
399.9	21
400.17	-12
400.43	-1
400.69	8
400.95	13
401.22	-7
401.48	-14
401.74	-15
402	14
402.27	-1
402.53	12
402.79	15
403.05	1
403.32	24
403.58	-16
403.84	-1
404.1	-18
404.36	-17
404.63	8
404.89	-13
405.15	12
405.41	-3
405.68	-3
405.94	1
406.2	-6
406.46	-8
406.73	3
406.99	12
407.25	-17
407.51	-22
407.77	-14
408.04	-2
408.3	-4
408.56	19
408.82	9
409.09	12
409.35	32
409.61	-19
409.87	15
410.13	7
410.4	18
410.66	4
410.92	5
411.18	-1
411.44	-9
411.71	-13
411.97	-17
412.23	10
412.49	-2
412.75	-43
413.02	-6
413.28	-10
413.54	-3
413.8	-3
414.06	6
414.33	-4
414.59	10
414.85	16
415.11	-29
415.37	16
415.64	23
415.9	-18
416.16	1
416.42	2
416.68	-27
416.95	-2
417.21	-6
417.47	-7
417.73	25
417.99	4
418.26	9
418.52	10
418.78	4
419.04	7
419.3	-6
419.57	0
419.83	11
420.09	-20
420.35	0
420.61	-24
420.87	8
421.14	18
421.4	15
421.66	-7
421.92	0
422.18	-8
422.45	-15
422.71	11
422.97	-10
423.23	18
423.49	20
423.75	29
424.02	-7
424.28	-14
424.54	20
424.8	13
425.06	24
425.32	20
425.59	0
425.85	9
426.11	18
426.37	-14
426.63	16
426.89	-17
427.16	10
427.42	14
427.68	18
427.94	15
428.2	5
428.46	-9
428.73	12
428.99	17
429.25	20
429.51	10
429.77	6
430.03	3
430.29	-14
430.56	27
430.82	-5
431.08	3
431.34	8
431.6	14
431.86	18
432.12	13
432.39	17
432.65	1
432.91	35
433.17	6
433.43	-8
433.69	-1
433.95	36
434.22	42
434.48	9
434.74	21
435	-2
435.26	-4
435.52	6
435.78	1
436.05	-6
436.31	-2
436.57	4
436.83	0
437.09	29
437.35	2
437.61	0
437.88	-1
438.14	16
438.4	2
438.66	15
438.92	-10
439.18	28
439.44	7
439.7	5
439.97	-24
440.23	-5
440.49	15
440.75	-19
441.01	6
441.27	8
441.53	-11
441.79	4
442.05	-12
442.32	12
442.58	-5
442.84	12
443.1	-12
443.36	18
443.62	-7
443.88	16
444.14	2
444.4	9
444.67	14
444.93	12
445.19	23
445.45	-1
445.71	6
445.97	18
446.23	22
446.49	23
446.75	-13
447.02	8
447.28	-31
447.54	9
447.8	-6
448.06	22
448.32	8
448.58	4
448.84	-6
449.1	-20
449.36	-10
449.62	2
449.89	1
450.15	14
450.41	17
450.67	-7
450.93	20
451.19	5
451.45	-2
451.71	1
451.97	22
452.23	13
452.49	-1
452.76	-23
453.02	-2
453.28	-6
453.54	8
453.8	-4
454.06	1
454.32	47
454.58	2
454.84	-11
455.1	25
455.36	20
455.62	7
455.88	-8
456.15	-9
456.41	7
456.67	1
456.93	29
457.19	-22
457.45	29
457.71	31
457.97	1
458.23	-29
458.49	16
458.75	-20
459.01	10
459.27	-17
459.53	-10
459.79	-21
460.06	4
460.32	-17
460.58	-17
460.84	30
461.1	-1
461.36	-8
461.62	3
461.88	4
462.14	11
462.4	-2
462.66	16
462.92	-6
463.18	29
463.44	-10
463.7	-5
463.96	13
464.22	16
464.48	-40
464.74	-17
465.01	19
465.27	4
465.53	1
465.79	13
466.05	-23
466.31	-3
466.57	18
466.83	15
467.09	14
467.35	17
467.61	-18
467.87	1
468.13	24
468.39	-16
468.65	6
468.91	14
469.17	11
469.43	16
469.69	4
469.95	6
470.21	43
470.47	13
470.73	5
470.99	13
471.25	-5
471.51	8
471.77	-17
472.03	-8
472.29	0
472.56	-6
472.82	-19
473.08	6
473.34	14
473.6	19
473.86	10
474.12	11
474.38	7
474.64	6
474.9	10
475.16	-20
475.42	-4
475.68	-14
475.94	-3
476.2	0
476.46	8
476.72	-10
476.98	-13
477.24	26
477.5	0
477.76	15
478.02	10
478.28	-23
478.54	11
478.8	-14
479.06	-22
479.32	-10
479.58	6
479.84	22
480.1	28
480.36	-25
480.62	13
480.88	5
481.14	8
481.4	-14
481.66	-6
481.92	-8
482.18	-4
482.44	21
482.7	16
482.96	1
483.22	22
483.48	-14
483.74	-8
484	17
484.26	-14
484.52	6
484.78	-3
485.04	41
485.3	42
485.56	-13
485.82	18
486.08	6
486.34	-16
486.59	3
486.85	-3
487.11	11
487.37	6
487.63	-7
487.89	-8
488.15	-4
488.41	22
488.67	-13
488.93	1
489.19	-9
489.45	-3
489.71	9
489.97	3
490.23	1
490.49	-17
490.75	-10
491.01	37
491.27	-4
491.53	-9
491.79	-13
492.05	17
492.31	-13
492.57	12
492.83	11
493.09	-10
493.35	14
493.61	3
493.87	-8
494.12	5
494.38	0
494.64	30
494.9	4
495.16	15
495.42	2
495.68	-8
495.94	8
496.2	16
496.46	8
496.72	5
496.98	33
497.24	2
497.5	-20
497.76	21
498.02	-4
498.28	5
498.54	-2
498.8	-1
499.05	0
499.31	-1
499.57	-5
499.83	14
500.09	15
500.35	1
500.61	-10
500.87	50
501.13	-9
501.39	6
501.65	9
501.91	12
502.17	-5
502.43	2
502.69	-15
502.94	11
503.2	12
503.46	5
503.72	6
503.98	3
504.24	-5
504.5	1
504.76	-21
505.02	30
505.28	4
505.54	20
505.8	-20
506.06	35
506.31	-17
506.57	-13
506.83	-13
507.09	-32
507.35	5
507.61	9
507.87	8
508.13	7
508.39	8
508.65	-1
508.91	-6
509.16	2
509.42	18
509.68	-12
509.94	-1
510.2	23
510.46	-19
510.72	14
510.98	19
511.24	31
511.5	13
511.75	-8
512.01	17
512.27	13
512.53	-10
512.79	11
513.05	-12
513.31	-14
513.57	15
513.83	-2
514.09	6
514.34	-19
514.6	-2
514.86	-3
515.12	-11
515.38	20
515.64	24
515.9	11
516.16	-13
516.42	10
516.67	17
516.93	-4
517.19	4
517.45	5
517.71	8
517.97	14
518.23	6
518.49	-1
518.74	-13
519	15
519.26	-21
519.52	6
519.78	-6
520.04	6
520.3	-1
520.56	32
520.81	25
521.07	15
521.33	-10
521.59	5
521.85	19
522.11	28
522.37	0
522.62	-10
522.88	14
523.14	18
523.4	-5
523.66	-1
523.92	21
524.18	6
524.44	-3
524.69	-7
524.95	-17
525.21	1
525.47	-4
525.73	-4
525.99	16
526.24	13
526.5	0
526.76	-16
527.02	-21
527.28	31
527.54	9
527.8	-9
528.05	-11
528.31	14
528.57	32
528.83	-22
529.09	-10
529.35	1
529.61	-8
529.86	15
530.12	-5
530.38	-3
530.64	18
530.9	4
531.16	21
531.41	-16
531.67	24
531.93	9
532.19	23
532.45	11
532.71	-9
532.96	21
533.22	-8
533.48	-2
533.74	14
534	28
534.26	36
534.51	-3
534.77	14
535.03	13
535.29	26
535.55	-15
535.8	2
536.06	8
536.32	-10
536.58	5
536.84	-9
537.1	10
537.35	-27
537.61	2
537.87	0
538.13	-3
538.39	38
538.64	3
538.9	12
539.16	13
539.42	22
539.68	24
539.94	35
540.19	1
540.45	20
540.71	4
540.97	4
541.23	4
541.48	6
541.74	5
542	14
542.26	19
542.52	16
542.77	5
543.03	27
543.29	30
543.55	25
543.81	-11
544.06	20
544.32	4
544.58	9
544.84	-2
545.1	-1
545.35	-7
545.61	-15
545.87	16
546.13	-11
546.38	-2
546.64	-31
546.9	0
547.16	26
547.42	-34
547.67	4
547.93	-3
548.19	8
548.45	6
548.71	12
548.96	-12
549.22	7
549.48	-9
549.74	4
549.99	-9
550.25	26
550.51	-1
550.77	-7
551.03	-2
551.28	-2
551.54	21
551.8	12
552.06	4
552.31	2
552.57	19
552.83	16
553.09	21
553.34	9
553.6	-4
553.86	-3
554.12	-13
554.37	-6
554.63	22
554.89	2
555.15	-1
555.41	11
555.66	-5
555.92	-1
556.18	19
556.44	-2
556.69	-24
556.95	14
557.21	1
557.47	29
557.72	3
557.98	-6
558.24	3
558.5	25
558.75	-19
559.01	45
559.27	7
559.53	-3
559.78	-1
560.04	-10
560.3	-7
560.56	13
560.81	-7
561.07	7
561.33	2
561.58	-3
561.84	21
562.1	30
562.36	3
562.61	-10
562.87	35
563.13	12
563.39	4
563.64	-14
563.9	1
564.16	2
564.42	21
564.67	-11
564.93	28
565.19	-5
565.44	17
565.7	-8
565.96	-5
566.22	0
566.47	6
566.73	-7
566.99	-22
567.25	1
567.5	-8
567.76	11
568.02	-11
568.27	28
568.53	-5
568.79	0
569.05	3
569.3	-2
569.56	18
569.82	24
570.07	-28
570.33	-20
570.59	10
570.85	-10
571.1	-4
571.36	-4
571.62	-4
571.87	22
572.13	-9
572.39	4
572.64	2
572.9	14
573.16	-25
573.42	15
573.67	-4
573.93	8
574.19	-14
574.44	34
574.7	5
574.96	15
575.21	4
575.47	8
575.73	10
575.99	31
576.24	21
576.5	16
576.76	5
577.01	-7
577.27	0
577.53	15
577.78	9
578.04	4
578.3	-17
578.55	25
578.81	-4
579.07	9
579.32	22
579.58	28
579.84	5
580.1	9
580.35	35
580.61	-1
580.87	-8
581.12	-3
581.38	-3
581.64	19
581.89	19
582.15	13
582.41	-38
582.66	14
582.92	5
583.18	-24
583.43	10
583.69	21
583.95	-23
584.2	4
584.46	5
584.72	-27
584.97	18
585.23	3
585.49	24
585.74	2
586	12
586.26	1
586.51	26
586.77	-2
587.03	-12
587.28	30
587.54	-7
587.8	-6
588.05	10
588.31	10
588.56	48
588.82	14
589.08	17
589.33	29
589.59	26
589.85	-1
590.1	-10
590.36	-8
590.62	-12
590.87	16
591.13	24
591.39	10
591.64	-17
591.9	3
592.16	1
592.41	-21
592.67	15
592.92	8
593.18	-10
593.44	-14
593.69	15
593.95	9
594.21	25
594.46	7
594.72	20
594.97	3
595.23	-19
595.49	-11
595.74	14
596	7
596.26	-11
596.51	11
596.77	-12
597.03	-9
597.28	-24
597.54	45
597.79	0
598.05	9
598.31	7
598.56	21
598.82	-15
599.07	11
599.33	34
599.59	18
599.84	1
600.1	13
600.36	20
600.61	19
600.87	22
601.12	-7
601.38	16
601.64	26
601.89	-16
602.15	51
602.4	21
602.66	-24
602.92	-4
603.17	9
603.43	6
603.68	21
603.94	-11
604.2	18
604.45	14
604.71	-23
604.96	14
605.22	-9
605.48	34
605.73	15
605.99	0
606.24	4
606.5	3
606.76	11
607.01	22
607.27	9
607.52	7
607.78	18
608.04	8
608.29	-13
608.55	15
608.8	13
609.06	-3
609.31	21
609.57	19
609.83	5
610.08	15
610.34	-8
610.59	8
610.85	-14
611.11	10
611.36	2
611.62	-3
611.87	13
612.13	1
612.38	-8
612.64	23
612.9	21
613.15	4
613.41	31
613.66	0
613.92	4
614.17	5
614.43	-5
614.69	33
614.94	32
615.2	-10
615.45	18
615.71	15
615.96	-6
616.22	8
616.47	-3
616.73	-21
616.99	8
617.24	40
617.5	10
617.75	-14
618.01	12
618.26	5
618.52	4
618.77	-14
619.03	6
619.29	-8
619.54	-4
619.8	-12
620.05	-21
620.31	22
620.56	4
620.82	2
621.07	-10
621.33	-12
621.58	-43
621.84	17
622.1	17
622.35	32
622.61	-10
622.86	23
623.12	1
623.37	1
623.63	6
623.88	0
624.14	31
624.39	35
624.65	8
624.9	10
625.16	25
625.41	28
625.67	3
625.93	28
626.18	28
626.44	5
626.69	-4
626.95	3
627.2	28
627.46	8
627.71	13
627.97	11
628.22	-1
628.48	0
628.73	-1
628.99	-9
629.24	7
629.5	9
629.75	2
630.01	6
630.26	-22
630.52	-10
630.77	-5
631.03	6
631.28	-9
631.54	-16
631.79	8
632.05	-3
632.3	22
632.56	-5
632.81	19
633.07	-12
633.32	22
633.58	7
633.83	-2
634.09	16
634.34	18
634.6	-17
634.85	25
635.11	6
635.36	4
635.62	14
635.87	-8
636.13	-6
636.38	-4
636.64	25
636.89	-4
637.15	13
637.4	-14
637.66	-8
637.91	1
638.17	31
638.42	4
638.68	21
638.93	8
639.19	21
639.44	-3
639.7	-11
639.95	-9
640.21	12
640.46	27
640.72	0
640.97	32
641.23	-2
641.48	21
641.74	14
641.99	5
642.25	24
642.5	32
642.76	-3
643.01	4
643.26	-6
643.52	-7
643.77	-7
644.03	1
644.28	-4
644.54	-6
644.79	11
645.05	-4
645.3	3
645.56	11
645.81	-4
646.07	-11
646.32	-12
646.58	0
646.83	5
647.08	15
647.34	8
647.59	3
647.85	6
648.1	19
648.36	-5
648.61	1
648.87	-11
649.12	-36
649.37	17
649.63	44
649.88	-21
650.14	7
650.39	-19
650.65	-6
650.9	-9
651.16	25
651.41	-9
651.67	20
651.92	-4
652.17	7
652.43	-21
652.68	-7
652.94	5
653.19	12
653.45	-20
653.7	-11
653.95	-9
654.21	28
654.46	-3
654.72	15
654.97	26
655.23	-25
655.48	-6
655.73	-20
655.99	21
656.24	7
656.5	14
656.75	3
657.01	33
657.26	-17
657.51	-3
657.77	20
658.02	-9
658.28	-9
658.53	-5
658.79	-21
659.04	31
659.29	5
659.55	1
659.8	20
660.06	-21
660.31	10
660.56	-27
660.82	14
661.07	-1
661.33	20
661.58	29
661.83	18
662.09	5
662.34	-15
662.6	-1
662.85	-34
663.11	-17
663.36	14
663.61	-14
663.87	-2
664.12	-17
664.38	28
664.63	-9
664.88	7
665.14	-9
665.39	-11
665.65	10
665.9	-14
666.15	-10
666.41	-32
666.66	16
666.91	7
667.17	-12
667.42	18
667.68	15
667.93	5
668.18	-4
668.44	8
668.69	-6
668.95	-22
669.2	2
669.45	15
669.71	-8
669.96	17
670.21	-1
670.47	-1
670.72	-24
670.98	6
671.23	9
671.48	-1
671.74	2
671.99	5
672.24	-10
672.5	29
672.75	42
673.01	25
673.26	24
673.51	10
673.77	5
674.02	3
674.27	-4
674.53	31
674.78	3
675.04	-21
675.29	10
675.54	-2
675.8	11
676.05	9
676.3	2
676.56	-5
676.81	-4
677.06	17
677.32	-9
677.57	5
677.82	0
678.08	-8
678.33	6
678.59	-2
678.84	-9
679.09	0
679.35	-7
679.6	-23
679.85	9
680.11	-18
680.36	11
680.61	19
680.87	12
681.12	0
681.37	-27
681.63	6
681.88	7
682.13	-32
682.39	9
682.64	18
682.89	23
683.15	14
683.4	-6
683.65	-6
683.91	20
684.16	25
684.41	-32
684.67	-2
684.92	-10
685.17	9
685.43	31
685.68	11
685.93	9
686.19	16
686.44	28
686.69	22
686.95	38
687.2	8
687.45	-17
687.71	10
687.96	-2
688.21	2
688.47	1
688.72	-24
688.97	6
689.22	7
689.48	7
689.73	11
689.98	0
690.24	-5
690.49	3
690.74	5
691	-15
691.25	-12
691.5	9
691.76	-2
692.01	-4
692.26	-30
692.51	-10
692.77	-5
693.02	-1
693.27	17
693.53	27
693.78	4
694.03	21
694.29	-5
694.54	6
694.79	23
695.04	-18
695.3	-17
695.55	-14
695.8	-7
696.06	-30
696.31	-18
696.56	-12
696.82	-10
697.07	-3
697.32	-15
697.57	-6
697.83	9
698.08	-1
698.33	24
698.59	-1
698.84	-6
699.09	-12
699.34	0
699.6	-13
699.85	-19
700.1	-23
700.35	5
700.61	-17
700.86	10
701.11	3
701.37	8
701.62	15
701.87	-5
702.12	-11
702.38	-8
702.63	-21
702.88	5
703.13	-4
703.39	4
703.64	7
703.89	-7
704.15	22
704.4	47
704.65	1
704.9	21
705.16	-30
705.41	4
705.66	-4
705.91	2
706.17	-9
706.42	-20
706.67	1
706.92	16
707.18	-16
707.43	4
707.68	-5
707.93	20
708.19	-10
708.44	-14
708.69	-7
708.94	-17
709.2	-5
709.45	-13
709.7	-19
709.95	1
710.21	12
710.46	-6
710.71	12
710.96	22
711.22	4
711.47	-9
711.72	0
711.97	-1
712.22	-18
712.48	-7
712.73	19
712.98	20
713.23	20
713.49	-6
713.74	18
713.99	-25
714.24	-5
714.5	-2
714.75	33
715	21
715.25	-17
715.5	5
715.76	19
716.01	-4
716.26	0
716.51	-15
716.77	8
717.02	2
717.27	-19
717.52	-22
717.77	-14
718.03	43
718.28	13
718.53	12
718.78	7
719.04	3
719.29	38
719.54	-8
719.79	-18
720.04	-33
720.3	14
720.55	-41
720.8	10
721.05	-4
721.3	20
721.56	-3
721.81	10
722.06	2
722.31	13
722.56	-14
722.82	38
723.07	7
723.32	36
723.57	1
723.82	3
724.08	8
724.33	4
724.58	3
724.83	11
725.08	5
725.34	21
725.59	19
725.84	-22
726.09	11
726.34	21
726.59	-16
726.85	-24
727.1	20
727.35	0
727.6	16
727.85	9
728.11	-14
728.36	-15
728.61	1
728.86	33
729.11	8
729.36	-2
729.62	4
729.87	-11
730.12	11
730.37	9
730.62	-5
730.88	6
731.13	13
731.38	12
731.63	15
731.88	-10
732.13	0
732.39	-7
732.64	-1
732.89	2
733.14	-7
733.39	7
733.64	13
733.9	6
734.15	32
734.4	9
734.65	4
734.9	11
735.15	2
735.4	14
735.66	8
735.91	8
736.16	4
736.41	33
736.66	3
736.91	7
737.17	35
737.42	20
737.67	33
737.92	3
738.17	9
738.42	4
738.67	18
738.93	25
739.18	2
739.43	5
739.68	-15
739.93	20
740.18	8
740.43	-1
740.69	0
740.94	14
741.19	13
741.44	21
741.69	14
741.94	0
742.19	10
742.44	-13
742.7	-15
742.95	8
743.2	-2
743.45	-7
743.7	41
743.95	1
744.2	-9
744.45	5
744.71	19
744.96	18
745.21	-15
745.46	8
745.71	21
745.96	9
746.21	-6
746.46	6
746.72	-4
746.97	-2
747.22	-7
747.47	5
747.72	5
747.97	0
748.22	-2
748.47	2
748.72	24
748.98	-1
749.23	5
749.48	-15
749.73	-15
749.98	-1
750.23	-16
750.48	6
750.73	6
750.98	1
751.23	23
751.49	24
751.74	-5
751.99	16
752.24	10
752.49	-9
752.74	19
752.99	1
753.24	-6
753.49	-7
753.74	20
754	5
754.25	-3
754.5	-4
754.75	0
755	-6
755.25	-5
755.5	-25
755.75	-18
756	-5
756.25	8
756.5	-6
756.75	-14
757.01	29
757.26	-27
757.51	-29
757.76	11
758.01	3
758.26	-16
758.51	1
758.76	-1
759.01	10
759.26	-28
759.51	-9
759.76	-1
760.01	23
760.26	-4
760.52	2
760.77	12
761.02	-1
761.27	21
761.52	-12
761.77	8
762.02	31
762.27	-2
762.52	-11
762.77	-1
763.02	5
763.27	-14
763.52	23
763.77	-3
764.02	-2
764.27	-21
764.53	7
764.78	5
765.03	13
765.28	-32
765.53	17
765.78	3
766.03	36
766.28	6
766.53	-12
766.78	-6
767.03	13
767.28	34
767.53	-19
767.78	16
768.03	18
768.28	10
768.53	-14
768.78	-28
769.03	3
769.28	15
769.53	14
769.78	-10
770.03	16
770.28	37
770.54	41
770.79	8
771.04	-8
771.29	-28
771.54	23
771.79	-2
772.04	15
772.29	12
772.54	-18
772.79	24
773.04	0
773.29	-21
773.54	-20
773.79	-27
774.04	5
774.29	-11
774.54	-16
774.79	-16
775.04	18
775.29	-1
775.54	-12
775.79	20
776.04	-18
776.29	10
776.54	-5
776.79	27
777.04	1
777.29	-20
777.54	-18
777.79	31
778.04	16
778.29	29
778.54	-10
778.79	6
779.04	4
779.29	27
779.54	-3
779.79	10
780.04	26
780.29	18
780.54	2
780.79	4
781.04	-5
781.29	6
781.54	9
781.79	1
782.04	14
782.29	4
782.54	7
782.79	9
783.04	-13
783.29	3
783.54	11
783.79	23
784.04	6
784.29	-5
784.54	5
784.79	15
785.04	9
785.29	-2
785.54	18
785.79	9
786.04	23
786.29	23
786.54	11
786.79	3
787.04	-10
787.29	0
787.54	9
787.79	-13
788.04	-15
788.29	-6
788.53	29
788.78	-4
789.03	9
789.28	-5
789.53	-7
789.78	0
790.03	6
790.28	10
790.53	-4
790.78	27
791.03	22
791.28	8
791.53	-4
791.78	18
792.03	12
792.28	19
792.53	23
792.78	-3
793.03	15
793.28	-2
793.53	2
793.78	33
794.03	16
794.27	0
794.52	-19
794.77	10
795.02	9
795.27	8
795.52	-11
795.77	-6
796.02	-37
796.27	52
796.52	10
796.77	6
797.02	-7
797.27	15
797.52	-9
797.77	-7
798.02	20
798.27	-8
798.51	7
798.76	11
799.01	33
799.26	0
799.51	9
799.76	13
800.01	21
800.26	-6
800.51	-4
800.76	-6
801.01	3
801.26	-1
801.51	36
801.76	20
802	13
802.25	-11
802.5	27
802.75	3
803	2
803.25	22
803.5	7
803.75	-6
804	4
804.25	13
804.5	13
804.74	15
804.99	40
805.24	-38
805.49	-13
805.74	-6
805.99	1
806.24	-9
806.49	3
806.74	33
806.99	5
807.24	26
807.48	-17
807.73	11
807.98	2
808.23	-15
808.48	0
808.73	6
808.98	-3
809.23	-8
809.48	16
809.72	14
809.97	7
810.22	-17
810.47	-29
810.72	11
810.97	15
811.22	28
811.47	16
811.72	-11
811.96	1
812.21	5
812.46	23
812.71	3
812.96	-2
813.21	1
813.46	-8
813.71	22
813.96	7
814.2	11
814.45	21
814.7	-18
814.95	-4
815.2	26
815.45	-10
815.7	23
815.95	18
816.19	21
816.44	12
816.69	27
816.94	2
817.19	-11
817.44	10
817.69	38
817.93	31
818.18	32
818.43	-9
818.68	36
818.93	25
819.18	17
819.43	-4
819.67	4
819.92	-7
820.17	-10
820.42	3
820.67	19
820.92	42
821.17	47
821.41	38
821.66	-3
821.91	-8
822.16	-1
822.41	38
822.66	44
822.9	3
823.15	29
823.4	6
823.65	4
823.9	4
824.15	-12
824.4	9
824.64	12
824.89	9
825.14	19
825.39	32
825.64	25
825.89	-4
826.13	-4
826.38	1
826.63	10
826.88	9
827.13	36
827.38	54
827.62	21
827.87	12
828.12	-18
828.37	43
828.62	1
828.86	5
829.11	-10
829.36	11
829.61	15
829.86	30
830.11	-17
830.35	16
830.6	17
830.85	9
831.1	21
831.35	19
831.59	32
831.84	29
832.09	36
832.34	-5
832.59	11
832.84	5
833.08	26
833.33	18
833.58	18
833.83	34
834.08	-8
834.32	28
834.57	21
834.82	6
835.07	10
835.32	12
835.56	19
835.81	32
836.06	-11
836.31	20
836.56	11
836.8	30
837.05	20
837.3	-14
837.55	44
837.8	23
838.04	15
838.29	20
838.54	12
838.79	16
839.03	-3
839.28	17
839.53	10
839.78	9
840.03	-2
840.27	-15
840.52	8
840.77	21
841.02	19
841.26	35
841.51	17
841.76	15
842.01	8
842.26	16
842.5	30
842.75	8
843	16
843.25	14
843.49	-3
843.74	-1
843.99	22
844.24	17
844.48	42
844.73	50
844.98	8
845.23	17
845.48	1
845.72	49
845.97	8
846.22	15
846.47	30
846.71	42
846.96	37
847.21	23
847.46	42
847.7	34
847.95	-20
848.2	31
848.45	20
848.69	12
848.94	14
849.19	36
849.44	32
849.68	7
849.93	36
850.18	28
850.43	15
850.67	24
850.92	14
851.17	10
851.42	38
851.66	9
851.91	45
852.16	12
852.41	28
852.65	6
852.9	1
853.15	-11
853.39	15
853.64	35
853.89	13
854.14	6
854.38	10
854.63	1
854.88	-7
855.13	19
855.37	28
855.62	22
855.87	33
856.11	-10
856.36	51
856.61	16
856.86	16
857.1	29
857.35	-28
857.6	21
857.85	30
858.09	26
858.34	10
858.59	8
858.83	11
859.08	-20
859.33	-3
859.58	14
859.82	27
860.07	-19
860.32	-13
860.56	18
860.81	61
861.06	-16
861.3	4
861.55	18
861.8	-20
862.05	-3
862.29	7
862.54	-9
862.79	12
863.03	-13
863.28	25
863.53	41
863.77	6
864.02	-18
864.27	-4
864.52	22
864.76	5
865.01	25
865.26	18
865.5	6
865.75	23
866	-8
866.24	-6
866.49	18
866.74	-21
866.98	-2
867.23	22
867.48	20
867.72	10
867.97	5
868.22	2
868.46	-11
868.71	29
868.96	10
869.21	19
869.45	1
869.7	-5
869.95	6
870.19	-16
870.44	5
870.69	-3
870.93	9
871.18	17
871.43	34
871.67	30
871.92	11
872.17	1
872.41	1
872.66	1
872.91	8
873.15	-17
873.4	24
873.64	19
873.89	-11
874.14	19
874.38	3
874.63	10
874.88	12
875.12	-14
875.37	-11
875.62	4
875.86	6
876.11	34
876.36	18
876.6	6
876.85	2
877.1	16
877.34	-20
877.59	23
877.84	6
878.08	-11
878.33	24
878.57	9
878.82	12
879.07	23
879.31	-2
879.56	45
879.81	22
880.05	-4
880.3	-15
880.55	-25
880.79	45
881.04	11
881.28	15
881.53	9
881.78	12
882.02	8
882.27	12
882.52	13
882.76	-10
883.01	22
883.25	19
883.5	21
883.75	15
883.99	-43
884.24	-18
884.49	-18
884.73	15
884.98	12
885.22	37
885.47	-10
885.72	11
885.96	14
886.21	-10
886.45	20
886.7	-11
886.95	1
887.19	2
887.44	14
887.69	-1
887.93	21
888.18	20
888.42	-4
888.67	26
888.92	-34
889.16	11
889.41	-7
889.65	11
889.9	-12
890.15	-4
890.39	27
890.64	18
890.88	-3
891.13	1
891.38	-14
891.62	16
891.87	32
892.11	9
892.36	5
892.6	-9
892.85	2
893.1	0
893.34	23
893.59	10
893.83	5
894.08	8
894.33	-11
894.57	-14
894.82	-15
895.06	26
895.31	53
895.55	8
895.8	21
896.05	2
896.29	4
896.54	-9
896.78	29
897.03	21
897.27	-16
897.52	-8
897.77	36
898.01	35
898.26	11
898.5	12
898.75	25
898.99	12
899.24	13
899.49	-25
899.73	10
899.98	37
900.22	1
900.47	16
900.71	10
900.96	15
901.2	4
901.45	-20
901.7	7
901.94	17
902.19	-10
902.43	-14
902.68	2
902.92	-20
903.17	15
903.41	1
903.66	24
903.91	-3
904.15	-26
904.4	-7
904.64	2
904.89	41
905.13	15
905.38	7
905.62	2
905.87	12
906.11	3
906.36	16
906.6	8
906.85	1
907.1	36
907.34	-13
907.59	32
907.83	14
908.08	10
908.32	8
908.57	9
908.81	24
909.06	32
909.3	14
909.55	10
909.79	21
910.04	0
910.28	3
910.53	-17
910.77	10
911.02	6
911.26	24
911.51	18
911.75	24
912	17
912.25	19
912.49	-33
912.74	-12
912.98	16
913.23	-1
913.47	-2
913.72	-9
913.96	2
914.21	15
914.45	-13
914.7	0
914.94	26
915.19	9
915.43	7
915.68	13
915.92	24
916.17	-3
916.41	12
916.66	-17
916.9	4
917.15	-6
917.39	9
917.64	16
917.88	20
918.13	20
918.37	11
918.62	1
918.86	7
919.11	30
919.35	9
919.6	-5
919.84	7
920.08	23
920.33	2
920.57	10
920.82	41
921.06	22
921.31	-3
921.55	26
921.8	4
922.04	-18
922.29	51
922.53	2
922.78	33
923.02	25
923.27	27
923.51	27
923.76	-6
924	-14
924.25	-13
924.49	16
924.74	0
924.98	20
925.22	51
925.47	-9
925.71	19
925.96	1
926.2	8
926.45	8
926.69	9
926.94	27
927.18	30
927.43	9
927.67	12
927.92	17
928.16	-21
928.4	-9
928.65	18
928.89	23
929.14	8
929.38	32
929.63	29
929.87	1
930.12	-8
930.36	-15
930.6	11
930.85	39
931.09	14
931.34	-24
931.58	31
931.83	30
932.07	35
932.32	2
932.56	-6
932.8	33
933.05	3
933.29	8
933.54	0
933.78	6
934.03	22
934.27	30
934.51	33
934.76	23
935	-8
935.25	3
935.49	-1
935.74	4
935.98	-11
936.22	16
936.47	5
936.71	-10
936.96	16
937.2	2
937.45	18
937.69	29
937.93	11
938.18	-7
938.42	32
938.67	1
938.91	-8
939.15	6
939.4	20
939.64	5
939.89	24
940.13	9
940.38	24
940.62	24
940.86	6
941.11	22
941.35	6
941.6	22
941.84	-1
942.08	8
942.33	2
942.57	11
942.82	-2
943.06	13
943.3	35
943.55	23
943.79	10
944.04	-10
944.28	32
944.52	-24
944.77	7
945.01	29
945.25	33
945.5	12
945.74	-3
945.99	6
946.23	9
946.47	23
946.72	29
946.96	-4
947.21	10
947.45	21
947.69	-11
947.94	26
948.18	-14
948.42	-13
948.67	5
948.91	-2
949.16	3
949.4	10
949.64	-21
949.89	8
950.13	3
950.37	9
950.62	31
950.86	-3
951.11	12
951.35	14
951.59	10
951.84	19
952.08	-15
952.32	24
952.57	-9
952.81	14
953.05	20
953.3	-10
953.54	2
953.78	25
954.03	-7
954.27	8
954.52	9
954.76	1
955	-9
955.25	9
955.49	24
955.73	-25
955.98	-13
956.22	40
956.46	3
956.71	8
956.95	33
957.19	39
957.44	-7
957.68	-18
957.92	37
958.17	16
958.41	-16
958.65	15
958.9	15
959.14	3
959.38	-5
959.63	-8
959.87	30
960.11	17
960.36	29
960.6	13
960.84	28
961.09	16
961.33	1
961.57	-12
961.82	5
962.06	18
962.3	-2
962.55	31
962.79	25
963.03	-1
963.28	17
963.52	23
963.76	29
964.01	4
964.25	24
964.49	38
964.74	20
964.98	5
965.22	-11
965.47	23
965.71	-4
965.95	3
966.19	16
966.44	16
966.68	28
966.92	-18
967.17	19
967.41	21
967.65	50
967.9	21
968.14	20
968.38	40
968.62	22
968.87	28
969.11	21
969.35	24
969.6	44
969.84	37
970.08	86
970.33	89
970.57	167
970.81	312
971.05	404
971.3	421
971.54	433
971.78	343
972.03	264
972.27	165
972.51	105
972.75	87
973	78
973.24	69
973.48	66
973.73	124
973.97	264
974.21	973
974.45	3214
974.7	6066
974.94	6433
975.18	4677
975.42	3238
975.67	1954
975.91	1029
976.15	544
976.4	293
976.64	209
976.88	126
977.12	112
977.37	88
977.61	82
977.85	83
978.09	51
978.34	76
978.58	14
978.82	49
979.06	69
979.31	58
979.55	43
979.79	24
980.03	33
980.28	26
980.52	51
980.76	23
981	32
981.25	14
981.49	11
981.73	18
981.97	15
982.22	34
982.46	-4
982.7	20
982.94	25
983.19	21
983.43	31
983.67	23
983.91	18
984.16	19
984.4	19
984.64	24
984.88	19
985.13	5
985.37	20
985.61	22
985.85	20
986.1	31
986.34	16
986.58	4
986.82	29
987.06	41
987.31	0
987.55	13
987.79	7
988.03	27
988.28	13
988.52	17
988.76	17
989	52
989.24	21
989.49	14
989.73	19
989.97	0
990.21	20
990.46	6
990.7	9
990.94	22
991.18	34
991.42	37
991.67	2
991.91	34
992.15	17
992.39	3
992.63	7
992.88	15
993.12	19
993.36	5
993.6	17
993.84	36
994.09	45
994.33	-11
994.57	3
994.81	18
995.05	0
995.3	-4
995.54	23
995.78	0
996.02	26
996.26	9
996.51	12
996.75	28
996.99	24
997.23	2
997.47	42
997.72	-7
997.96	13
998.2	51
998.44	16
998.68	-5
998.92	24
999.17	42
999.41	10
999.65	23
999.89	12
1000.13	-13
1000.38	5
1000.62	19
1000.86	26
1001.1	23
1001.34	32
1001.58	15
1001.83	34
1002.07	40
1002.31	10
1002.55	5
1002.79	32
1003.03	37
1003.28	11
1003.52	4
1003.76	32
1004	19
1004.24	24
1004.48	8
1004.73	17
1004.97	-3
1005.21	33
1005.45	9
1005.69	-12
1005.93	8
1006.17	20
1006.42	2
1006.66	30
1006.9	15
1007.14	14
1007.38	10
1007.62	25
1007.87	57
1008.11	23
1008.35	29
1008.59	41
1008.83	-7
1009.07	30
1009.31	-3
1009.56	30
1009.8	-4
1010.04	31
1010.28	18
1010.52	16
1010.76	19
1011	32
1011.24	25
1011.49	40
1011.73	10
1011.97	32
1012.21	24
1012.45	39
1012.69	-3
1012.93	19
1013.18	12
1013.42	27
1013.66	-6
1013.9	30
1014.14	20
1014.38	48
1014.62	46
1014.86	33
1015.1	22
1015.35	45
1015.59	44
1015.83	50
1016.07	23
1016.31	28
1016.55	25
1016.79	32
1017.03	37
1017.28	37
1017.52	25
1017.76	-1
1018	41
1018.24	20
1018.48	36
1018.72	37
1018.96	3
1019.2	71
1019.44	47
1019.69	31
1019.93	33
1020.17	26
1020.41	36
1020.65	34
1020.89	53
1021.13	54
1021.37	22
1021.61	25
1021.85	50
1022.1	28
1022.34	54
1022.58	63
1022.82	39
1023.06	55
1023.3	74
1023.54	64
1023.78	46
1024.02	64
1024.26	59
1024.5	46
1024.74	51
1024.99	43
1025.23	75
1025.47	46
1025.71	58
1025.95	48
1026.19	16
1026.43	57
1026.67	93
1026.91	91
1027.15	70
1027.39	49
1027.63	72
1027.87	24
1028.11	91
1028.36	82
1028.6	83
1028.84	72
1029.08	53
1029.32	85
1029.56	109
1029.8	95
1030.04	113
1030.28	102
1030.52	109
1030.76	66
1031	87
1031.24	111
1031.48	119
1031.72	111
1031.96	111
1032.2	129
1032.44	152
1032.69	102
1032.93	91
1033.17	149
1033.41	133
1033.65	133
1033.89	139
1034.13	153
1034.37	144
1034.61	172
1034.85	151
1035.09	158
1035.33	162
1035.57	155
1035.81	172
1036.05	145
1036.29	170
1036.53	215
1036.77	200
1037.01	177
1037.25	190
1037.49	223
1037.73	185
1037.97	216
1038.21	212
1038.45	230
1038.69	227
1038.93	231
1039.17	245
1039.42	272
1039.66	282
1039.9	271
1040.14	272
1040.38	295
1040.62	297
1040.86	292
1041.1	308
1041.34	308
1041.58	356
1041.82	384
1042.06	383
1042.3	404
1042.54	430
1042.78	434
1043.02	447
1043.26	523
1043.5	554
1043.74	565
1043.98	636
1044.22	683
1044.46	689
1044.7	720
1044.94	796
1045.18	766
1045.42	873
1045.66	867
1045.9	904
1046.14	947
1046.38	978
1046.62	1040
1046.86	1230
1047.1	1826
1047.34	3251
1047.58	5281
1047.82	7948
1048.06	10412
1048.3	12467
1048.54	13744
1048.78	14661
1049.02	15063
1049.26	15251
1049.5	15380
1049.74	15514
1049.98	15543
1050.21	15543
1050.45	15538
1050.69	15521
1050.93	15529
1051.17	15485
1051.41	15405
1051.65	15211
1051.89	15028
1052.13	14920
1052.37	14607
1052.61	14330
1052.85	13820
1053.09	13482
1053.33	13074
1053.57	12443
1053.81	12217
1054.05	12121
1054.29	11917
1054.53	11646
1054.77	11743
1055.01	11531
1055.25	11137
1055.49	10888
1055.73	10720
1055.97	10679
1056.21	10442
1056.45	10192
1056.69	10173
1056.92	9886
1057.16	9459
1057.4	9083
1057.64	8905
1057.88	8699
1058.12	8285
1058.36	7858
1058.6	7676
1058.84	7357
1059.08	7180
1059.32	6979
1059.56	6844
1059.8	6636
1060.04	6292
1060.28	6268
1060.52	6224
1060.76	6011
1061	5810
1061.23	5589
1061.47	5326
1061.71	5181
1061.95	4931
1062.19	4620
1062.43	4439
1062.67	4219
1062.91	4098
1063.15	3930
1063.39	3762
1063.63	3770
1063.87	3589
1064.11	3468
1064.35	3339
1064.58	3214
1064.82	3098
1065.06	2965
1065.3	2930
1065.54	2726
1065.78	2662
1066.02	2423
1066.26	2208
1066.5	1954
1066.74	1657
1066.98	1394
1067.21	1145
1067.45	958
1067.69	766
1067.93	610
1068.17	539
1068.41	491
1068.65	423
1068.89	377
1069.13	306
1069.37	347
1069.61	323
1069.84	288
1070.08	335
1070.32	292
1070.56	257
1070.8	236
1071.04	237
1071.28	223
1071.52	222
1071.76	215
1071.99	236
1072.23	191
1072.47	194
1072.71	155
1072.95	156
1073.19	152
1073.43	179
1073.67	169
1073.91	149
1074.14	124
1074.38	143
1074.62	133
1074.86	128
1075.1	113
1075.34	125
1075.58	116
1075.82	90
1076.05	116
1076.29	109
1076.53	78
1076.77	105
1077.01	75
1077.25	100
1077.49	112
1077.73	76
1077.96	86
1078.2	48
1078.44	77
1078.68	107
1078.92	80
1079.16	63
1079.4	76
1079.63	74
1079.87	57
1080.11	73
1080.35	79
1080.59	67
1080.83	55
1081.07	36
1081.3	56
1081.54	55
1081.78	60
1082.02	71
1082.26	48
1082.5	52
1082.74	87
1082.97	63
1083.21	51
1083.45	45
1083.69	73
1083.93	46
1084.17	47
1084.4	52
1084.64	59
1084.88	52
1085.12	29
1085.36	42
1085.6	24
1085.84	78
1086.07	56
1086.31	57
1086.55	3
1086.79	36
1087.03	9
1087.26	62
1087.5	17
1087.74	11
1087.98	52
1088.22	33
1088.46	51
1088.69	54
1088.93	32
1089.17	22
1089.41	-9
1089.65	43
1089.89	36
1090.12	36
1090.36	42
1090.6	18
1090.84	46
1091.08	16
1091.31	75
1091.55	28
1091.79	46
1092.03	49
1092.27	30
1092.5	16
1092.74	24
1092.98	36
1093.22	40
1093.46	46
1093.7	7
1093.93	28
1094.17	30
1094.41	16
1094.65	19
1094.89	24
1095.12	39
1095.36	39
1095.6	4
1095.84	2
1096.07	55
1096.31	25
1096.55	44
1096.79	11
1097.03	33
1097.26	33
1097.5	59
1097.74	-9
1097.98	24
1098.22	24
1098.45	-1
1098.69	13
1098.93	27
1099.17	53
1099.4	22
1099.64	17
1099.88	22
1100.12	25
1100.36	32
1100.59	28
1100.83	23
1101.07	7
1101.31	19
1101.54	38
1101.78	39
1102.02	-1
1102.26	27
1102.5	16
1102.73	16
1102.97	22
1103.21	44
1103.45	39
1103.68	49
1103.92	33
1104.16	46
1104.4	-2
1104.63	16
1104.87	13
1105.11	19
1105.35	12
1105.58	37
1105.82	23
1106.06	32
1106.3	16
1106.53	18
1106.77	35
1107.01	10
1107.25	14
1107.48	12
1107.72	12
1107.96	37
1108.2	8
1108.43	-3
1108.67	7
1108.91	5
1109.15	30
1109.38	33
1109.62	60
1109.86	21
1110.1	16
1110.33	28
1110.57	28
1110.81	-5
1111.04	24
1111.28	14
1111.52	43
1111.76	16
1111.99	6
1112.23	25
1112.47	45
1112.71	31
1112.94	18
1113.18	12
1113.42	35
1113.65	27
1113.89	10
1114.13	12
1114.37	17
1114.6	56
1114.84	20
1115.08	3
1115.31	38
1115.55	-10
1115.79	50
1116.03	16
1116.26	-21
1116.5	39
1116.74	25
1116.97	32
1117.21	19
1117.45	31
1117.69	19
1117.92	23
1118.16	-2
1118.4	31
1118.63	-4
1118.87	17
1119.11	37