194.99	45.5
195.26	45.5
195.52	45.5
195.79	-6.5
196.06	8
196.33	-10
196.6	-5.5
196.87	11
197.13	-5
197.4	14
197.67	23.5
197.94	0.5
198.21	-11.5
198.48	-13
198.74	12
199.01	-5
199.28	4
199.55	-14.5
199.82	2.5
200.09	8
200.35	0.5
200.62	-1.5
200.89	-1.5
201.16	-19
201.43	-4.5
201.69	5.5
201.96	-19.5
202.23	3.5
202.5	-6
202.77	-9
203.04	-8.5
203.3	6.5
203.57	-7
203.84	-1
204.11	0.5
204.38	-11
204.64	13.5
204.91	21.5
205.18	15.5
205.45	0
205.72	12.5
205.98	13.5
206.25	-16
206.52	4
206.79	-5.5
207.06	-16.5
207.32	-0.5
207.59	22.5
207.86	-6.5
208.13	-4
208.4	25
208.67	13.5
208.93	-16
209.2	-7.5
209.47	-0.5
209.74	-5.5
210	3.5
210.27	15.5
210.54	14
210.81	9
211.08	-2
211.34	14.5
211.61	1.5
211.88	6.5
212.15	0.5
212.42	4
212.68	-10.5
212.95	-11
213.22	15.5
213.49	19.5
213.76	-3
214.02	-9
214.29	-7
214.56	17
214.83	-1
215.09	-4
215.36	10.5
215.63	0.5
215.9	-13.5
216.17	-8.5
216.43	-13
216.7	7.5
216.97	6
217.24	9.5
217.5	-26
217.77	31.5
218.04	-9.5
218.31	4
218.58	15
218.84	-2
219.11	9
219.38	10.5
219.65	2.5
219.91	-10.5
220.18	-13.5
220.45	-26.5
220.72	1
220.98	-0.5
221.25	20.5
221.52	-5
221.79	-16.5
222.05	9.5
222.32	8.5
222.59	8.5
222.86	-8.5
223.13	8
223.39	-3
223.66	12.5
223.93	-9
224.2	-7
224.46	12
224.73	-15
225	-19.5
225.27	-0.5
225.53	-20
225.8	-28.5
226.07	10
226.34	2
226.6	16
226.87	11
227.14	-12.5
227.41	5
227.67	6
227.94	-13.5
228.21	-0.5
228.48	-3.5
228.74	1.5
229.01	-4.5
229.28	13
229.55	22.5
229.81	23
230.08	-16
230.35	-8.5
230.61	5.5
230.88	-10
231.15	-2
231.42	-21
231.68	2
231.95	-3
232.22	-1.5
232.49	12
232.75	-1
233.02	13.5
233.29	-18.5
233.56	6
233.82	-18
234.09	3.5
234.36	1.5
234.62	6
234.89	-28.5
235.16	-5
235.43	-4
235.69	-0.5
235.96	-2.5
236.23	-7
236.5	0
236.76	3.5
237.03	-4.5
237.3	12
237.56	-7
237.83	-3.5
238.1	2.5
238.37	-3.5
238.63	-15.5
238.9	8.5
239.17	10
239.43	-18.5
239.7	8
239.97	-12.5
240.24	-1.5
240.5	14
240.77	-18
241.04	6.5
241.3	-3.5
241.57	-5
241.84	-1
242.1	-5.5
242.37	-3
242.64	-11
242.91	1.5
243.17	1
243.44	2
243.71	18
243.97	-2
244.24	4.5
244.51	13.5
244.77	-21
245.04	-38.5
245.31	0
245.58	-4
245.84	2.5
246.11	2.5
246.38	1.5
246.64	-11
246.91	11
247.18	7.5
247.44	7
247.71	0.5
247.98	14
248.24	-5.5
248.51	-2
248.78	-15
249.05	-2.5
249.31	11.5
249.58	13
249.85	3
250.11	0.5
250.38	-42
250.65	-10
250.91	-13
251.18	2.5
251.45	-5.5
251.71	-8
251.98	4.5
252.25	5
252.51	3.5
252.78	-2
253.05	17.5
253.31	12.5
253.58	-0.5
253.85	-14.5
254.11	7.5
254.38	-9.5
254.65	-3.5
254.91	1.5
255.18	7.5
255.45	-5
255.71	-20
255.98	-22
256.25	-2.5
256.51	3.5
256.78	-7
257.05	-6
257.31	-7
257.58	-3
257.85	-20.5
258.11	14
258.38	5
258.65	18
258.91	7
259.18	-1
259.45	-7.5
259.71	8
259.98	7.5
260.25	7
260.51	6
260.78	25
261.05	-18.5
261.31	-6
261.58	-12.5
261.85	-10
262.11	-13
262.38	3.5
262.65	-10.5
262.91	23
263.18	-3.5
263.44	4.5
263.71	1
263.98	-5.5
264.24	4.5
264.51	13.5
264.78	-7
265.04	13
265.31	13.5
265.58	12.5
265.84	-7.5
266.11	-0.5
266.37	13
266.64	5
266.91	-10
267.17	-5.5
267.44	-4.5
267.71	-29
267.97	-10.5
268.24	-12.5
268.51	-9
268.77	-6
269.04	-14.5
269.3	6.5
269.57	5
269.84	11.5
270.1	12.5
270.37	1
270.64	-26.5
270.9	7
271.17	-9.5
271.43	-10
271.7	-6
271.97	-3
272.23	10.5
272.5	-13.5
272.77	7.5
273.03	-16.5
273.3	16.5
273.56	8.5
273.83	17
274.1	5
274.36	3.5
274.63	-10
274.89	7
275.16	-7
275.43	-2
275.69	4.5
275.96	-21.5
276.23	14.5
276.49	-21
276.76	-10
277.02	12
277.29	8.5
277.56	1
277.82	0
278.09	-2
278.35	-7.5
278.62	2.5
278.89	-29
279.15	8
279.42	5.5
279.68	9
279.95	12
280.22	1.5
280.48	-20.5
280.75	-14.5
281.01	-6.5
281.28	-10
281.55	19.5
281.81	12
282.08	16
282.34	-5
282.61	4
282.87	-15.5
283.14	14
283.41	12
283.67	-2
283.94	17
284.2	1.5
284.47	1.5
284.74	-4.5
285	7
285.27	0
285.53	16
285.8	22.5
286.06	-13.5
286.33	-6
286.6	1
286.86	-0.5
287.13	-13
287.39	14
287.66	11.5
287.93	-13.5
288.19	-12
288.46	6
288.72	-6
288.99	9
289.25	18
289.52	-23.5
289.79	-26.5
290.05	-22
290.32	5.5
290.58	10.5
290.85	5.5
291.11	23.5
291.38	-6
291.64	-10
291.91	-11
292.18	-1
292.44	14.5
292.71	4
292.97	5.5
293.24	-0.5
293.5	3.5
293.77	14.5
294.04	-3.5
294.3	11.5
294.57	1
294.83	10.5
295.1	3.5
295.36	12.5
295.63	11
295.89	-10.5
296.16	4.5
296.43	6
296.69	5.5
296.96	-11.5
297.22	-19
297.49	13
297.75	9.5
298.02	-1
298.28	-3
298.55	-13.5
298.81	15
299.08	-9
299.35	6
299.61	-3
299.88	11.5
300.14	-1.5
300.41	-3.5
300.67	-4.5
300.94	18
301.2	8
301.47	-10
301.73	14.5
302	3
302.26	4.5
302.53	3
302.79	2.5
303.06	5.5
303.33	-11
303.59	2
303.86	4.5
304.12	-6
304.39	-2.5
304.65	8
304.92	20.5
305.18	-16
305.45	-7
305.71	8.5
305.98	12
306.24	20.5
306.51	23.5
306.77	9.5
307.04	0.5
307.3	18
307.57	-9.5
307.83	2.5
308.1	-26.5
308.36	-5
308.63	-2
308.89	1
309.16	-2.5
309.43	5
309.69	-5
309.96	-18
310.22	-5
310.49	26.5
310.75	-1
311.02	-8.5
311.28	-1
311.55	-7.5
311.81	23
312.08	-16
312.34	-1
312.61	2.5
312.87	-10.5
313.14	1.5
313.4	-0.5
313.67	-0.5
313.93	-23.5
314.2	-0.5
314.46	11.5
314.73	14
314.99	-4
315.26	18.5
315.52	0
315.79	6
316.05	0.5
316.32	-9
316.58	-2
316.85	10
317.11	2.5
317.38	-15
317.64	-12
317.91	0
318.17	7
318.43	5
318.7	6.5
318.96	-7
319.23	17.5
319.49	18.5
319.76	-23.5
320.02	3.5
320.29	7.5
320.55	12
320.82	-24
321.08	-19.5
321.35	-8
321.61	-1
321.88	-6
322.14	5.5
322.41	-2.5
322.67	23.5
322.94	12.5
323.2	-11
323.47	0
323.73	7.5
324	-1
324.26	15
324.52	17.5
324.79	-4
325.05	11.5
325.32	-2.5
325.58	-9
325.85	-7
326.11	-16
326.38	7.5
326.64	13
326.91	7.5
327.17	1
327.44	2
327.7	-24.5
327.96	1
328.23	2.5
328.49	16
328.76	-4
329.02	5
329.29	1.5
329.55	11.5
329.82	-23
330.08	-6.5
330.35	-7.5
330.61	5.5
330.87	8
331.14	6
331.4	8
331.67	2
331.93	8
332.2	9.5
332.46	2.5
332.73	2.5
332.99	-2
333.25	-17.5
333.52	5.5
333.78	7.5
334.05	-17.5
334.31	-11
334.58	15
334.84	-5
335.11	4.5
335.37	-20.5
335.63	-10.5
335.9	-9
336.16	-12.5
336.43	6.5
336.69	23.5
336.96	-4.5
337.22	-8
337.48	20.5
337.75	-8
338.01	15
338.28	22.5
338.54	14.5
338.81	-12
339.07	15.5
339.33	-19
339.6	-1
339.86	1
340.13	-17.5
340.39	-6
340.66	13
340.92	20
341.18	4
341.45	6
341.71	-9
341.98	5
342.24	9.5
342.51	0.5
342.77	3
343.03	-1
343.3	9
343.56	9
343.83	15
344.09	15
344.35	25
344.62	-14
344.88	10
345.15	0.5
345.41	19
345.67	10.5
345.94	-4.5
346.2	-4
346.47	-0.5
346.73	22
346.99	3
347.26	4
347.52	9
347.79	20
348.05	29
348.31	27.5
348.58	-8
348.84	6.5
349.11	0
349.37	4.5
349.63	12.5
349.9	10
350.16	8.5
350.43	4
350.69	17
350.95	10
351.22	27.5
351.48	20
351.75	11.5
352.01	25.5
352.27	10.5
352.54	12
352.8	16.5
353.06	14
353.33	25.5
353.59	-7
353.86	4.5
354.12	11
354.38	-3.5
354.65	20.5
354.91	11
355.18	16
355.44	14.5
355.7	42
355.97	18
356.23	9.5
356.49	21
356.76	11.5
357.02	14.5
357.29	17
357.55	23
357.81	19.5
358.08	29
358.34	-5
358.6	2
358.87	10
359.13	2.5
359.39	16.5
359.66	8
359.92	19
360.19	-0.5
360.45	11
360.71	-0.5
360.98	3.5
361.24	13.5
361.5	10
361.77	15
362.03	4.5
362.29	3
362.56	20.5
362.82	7
363.09	7
363.35	-24.5
363.61	4.5
363.88	26.5
364.14	4
364.4	-0.5
364.67	-3.5
364.93	4.5
365.19	20.5
365.46	-2
365.72	3.5
365.98	4
366.25	14.5
366.51	15
366.77	-2
367.04	-18
367.3	7
367.56	-12.5
367.83	-5.5
368.09	21
368.35	2
368.62	3.5
368.88	7.5
369.14	6.5
369.41	2.5
369.67	1.5
369.93	1.5
370.2	-7
370.46	19
370.72	-11
370.99	0
371.25	-13.5
371.51	-6.5
371.78	10
372.04	19
372.3	-11.5
372.57	-2.5
372.83	-10.5
373.09	17.5
373.36	11
373.62	8
373.88	-11
374.15	-6
374.41	-9
374.67	8
374.94	17.5
375.2	-19.5
375.46	1
375.73	-11
375.99	9.5
376.25	19
376.52	-6
376.78	21
377.04	-10.5
377.31	4
377.57	-3.5
377.83	10
378.09	-3
378.36	-10
378.62	-2
378.88	5
379.15	2
379.41	15
379.67	-4
379.94	-11
380.2	17
380.46	-8.5
380.73	-14
380.99	-11.5
381.25	11
381.51	-20
381.78	-9
382.04	-27
382.3	16.5
382.57	-17
382.83	20.5
383.09	4
383.36	-3
383.62	-24
383.88	8
384.14	-2.5
384.41	-13.5
384.67	8
384.93	-21
385.2	-20.5
385.46	-35
385.72	21
385.98	-2.5
386.25	-5
386.51	7.5
386.77	7
387.04	-2
387.3	-6
387.56	10
387.82	9
388.09	-2.5
388.35	-13
388.61	22.5
388.88	7
389.14	5.5
389.4	10
389.66	-1.5
389.93	-11
390.19	-11.5
390.45	25.5
390.71	-6.5
390.98	6
391.24	11
391.5	-12
391.77	-4.5
392.03	4.5
392.29	-3
392.55	-8
392.82	11
393.08	11
393.34	-6
393.6	5
393.87	2.5
394.13	11
394.39	-4
394.65	-17.5
394.92	-18.5
395.18	7.5
395.44	-14
395.7	2.5
395.97	20.5
396.23	4
396.49	-12
396.75	-10
397.02	14.5
397.28	23.5
397.54	20.5
397.8	7.5
398.07	-19
398.33	-9
398.59	-7
398.85	-11.5
399.12	-0.5
399.38	-14.5
399.64	-30.5
399.9	-5
400.17	19
400.43	-4.5
400.69	6
400.95	-2.5
401.22	-5.5
401.48	9.5
401.74	4
402	1.5
402.27	-5
402.53	-8
402.79	24
403.05	-9
403.32	3
403.58	3.5
403.84	22
404.1	10.5
404.36	-4.5
404.63	16.5
404.89	18.5
405.15	11.5
405.41	40
405.68	-15
405.94	6.5
406.2	-0.5
406.46	19
406.73	8
406.99	8.5
407.25	13
407.51	8
407.77	-6
408.04	8.5
408.3	-14.5
408.56	16
408.82	-1
409.09	6
409.35	-5
409.61	-5.5
409.87	23.5
410.13	4
410.4	-23.5
410.66	-3
410.92	9
411.18	-11
411.44	-5.5
411.71	-5
411.97	9
412.23	10
412.49	14
412.75	-7
413.02	10.5
413.28	11.5
413.54	16
413.8	8
414.06	-2.5
414.33	5.5
414.59	19
414.85	3.5
415.11	-4.5
415.37	13.5
415.64	4
415.9	21
416.16	33
416.42	17
416.68	13.5
416.95	5
417.21	-6.5
417.47	9
417.73	18
417.99	3.5
418.26	22.5
418.52	26.5
418.78	-5
419.04	8.5
419.3	2.5
419.57	24.5
419.83	16.5
420.09	12
420.35	27.5
420.61	20.5
420.87	15
421.14	10.5
421.4	-18
421.66	7.5
421.92	23.5
422.18	16
422.45	16
422.71	4
422.97	17
423.23	5
423.49	9
423.75	-5
424.02	-0.5
424.28	-16
424.54	9
424.8	-12
425.06	4.5
425.32	-6.5
425.59	-4.5
425.85	-27.5
426.11	3.5
426.37	-16.5
426.63	9.5
426.89	1
427.16	-9
427.42	9
427.68	11
427.94	22.5
428.2	18
428.46	11
428.73	10.5
428.99	3.5
429.25	17
429.51	-18
429.77	1.5
430.03	0.5
430.29	29.5
430.56	12.5
430.82	2.5
431.08	-1
431.34	-2
431.6	6
431.86	-8
432.12	15
432.39	19
432.65	-7.5
432.91	-2.5
433.17	-1.5
433.43	-22
433.69	15.5
433.95	11.5
434.22	-9
434.48	3
434.74	14.5
435	-3.5
435.26	7
435.52	10.5
435.78	-0.5
436.05	17
436.31	-10
436.57	-0.5
436.83	18
437.09	19.5
437.35	1
437.61	15.5
437.88	6.5
438.14	-30.5
438.4	23.5
438.66	-4
438.92	6.5
439.18	13
439.44	15.5
439.7	-1
439.97	-9
440.23	13.5
440.49	21
440.75	-5.5
441.01	17.5
441.27	-4.5
441.53	12.5
441.79	2
442.05	25.5
442.32	-17
442.58	0.5
442.84	4
443.1	-2
443.36	-18
443.62	7.5
443.88	15.5
444.14	-26.5
444.4	20.5
444.67	11.5
444.93	-3.5
445.19	-1
445.45	17
445.71	0
445.97	22
446.23	-7.5
446.49	-5.5
446.75	12
447.02	-3.5
447.28	18
447.54	-0.5
447.8	13.5
448.06	-17.5
448.32	-9.5
448.58	12.5
448.84	9
449.1	11.5
449.36	4.5
449.62	13
449.89	18
450.15	-5.5
450.41	7.5
450.67	14.5
450.93	39.5
451.19	6.5
451.45	1.5
451.71	24.5
451.97	-2.5
452.23	4.5
452.49	-6.5
452.76	12.5
453.02	5
453.28	8
453.54	9.5
453.8	2.5
454.06	9.5
454.32	11.5
454.58	-6
454.84	18
455.1	9
455.36	1
455.62	1.5
455.88	13
456.15	25.5
456.41	-13.5
456.67	7.5
456.93	1
457.19	10
457.45	26.5
457.71	-5.5
457.97	9
458.23	-4.5
458.49	-18.5
458.75	-7.5
459.01	1.5
459.27	-10
459.53	6.5
459.79	13.5
460.06	23.5
460.32	11
460.58	6.5
460.84	21
461.1	4.5
461.36	6
461.62	0.5
461.88	1
462.14	-2
462.4	20
462.66	-0.5
462.92	19.5
463.18	13
463.44	6
463.7	-2
463.96	16.5
464.22	-7.5
464.48	24.5
464.74	-12.5
465.01	28
465.27	4.5
465.53	-18.5
465.79	10
466.05	16.5
466.31	18.5
466.57	8.5
466.83	3.5
467.09	0
467.35	11
467.61	-7.5
467.87	-2
468.13	-19.5
468.39	13.5
468.65	-21
468.91	9.5
469.17	3.5
469.43	14.5
469.69	-11.5
469.95	-8.5
470.21	4.5
470.47	12
470.73	26.5
470.99	9.5
471.25	14.5
471.51	29
471.77	1
472.03	-6.5
472.29	-11
472.56	6
472.82	15
473.08	8.5
473.34	6
473.6	4.5
473.86	-17
474.12	-4.5
474.38	7.5
474.64	-7
474.9	-4.5
475.16	20
475.42	-8.5
475.68	-12.5
475.94	-8
476.2	6.5
476.46	10
476.72	15.5
476.98	-6
477.24	9.5
477.5	17.5
477.76	-3.5
478.02	-6
478.28	-6.5
478.54	-5
478.8	-5
479.06	-8.5
479.32	3
479.58	1
479.84	-6.5
480.1	26
480.36	2.5
480.62	19.5
480.88	14.5
481.14	12
481.4	2
481.66	16
481.92	-9
482.18	-28
482.44	-20
482.7	10
482.96	-11.5
483.22	-19.5
483.48	-11.5
483.74	-12
484	0
484.26	5.5
484.52	-0.5
484.78	-1
485.04	0.5
485.3	30
485.56	-4.5
485.82	-2
486.08	-24.5
486.34	-5
486.59	12
486.85	-5.5
487.11	7
487.37	-11
487.63	-4.5
487.89	0
488.15	-9.5
488.41	9.5
488.67	1
488.93	-14
489.19	-1
489.45	22
489.71	9
489.97	8
490.23	14
490.49	7
490.75	12
491.01	-5.5
491.27	-4.5
491.53	6
491.79	3.5
492.05	-2
492.31	17
492.57	3
492.83	-5.5
493.09	-3
493.35	4
493.61	-13
493.87	10.5
494.12	5.5
494.38	5
494.64	15
494.9	-23
495.16	10
495.42	14.5
495.68	0
495.94	9
496.2	38.5
496.46	22
496.72	-17.5
496.98	16.5
497.24	11.5
497.5	-7.5
497.76	-7
498.02	4.5
498.28	-3
498.54	-24
498.8	-3
499.05	1
499.31	-8
499.57	10
499.83	9.5
500.09	-7.5
500.35	7
500.61	-1.5
500.87	4.5
501.13	14
501.39	-12.5
501.65	8
501.91	4
502.17	11.5
502.43	16.5
502.69	7.5
502.94	4.5
503.2	-13.5
503.46	8
503.72	-2.5
503.98	-14.5
504.24	-20.5
504.5	16
504.76	0
505.02	-11
505.28	6.5
505.54	0.5
505.8	-9.5
506.06	-16.5
506.31	6
506.57	3.5
506.83	7.5
507.09	1
507.35	-5
507.61	19
507.87	7.5
508.13	2.5
508.39	18
508.65	21
508.91	-3
509.16	-4.5
509.42	-11
509.68	-3.5
509.94	-12
510.2	45
510.46	25.5
510.72	22
510.98	18
511.24	7.5
511.5	0.5
511.75	15.5
512.01	29
512.27	-2
512.53	19
512.79	6
513.05	35.5
513.31	1
513.57	6.5
513.83	39.5
514.09	0.5
514.34	1.5
514.6	10.5
514.86	20
515.12	6.5
515.38	-4.5
515.64	-2
515.9	3
516.16	25.5
516.42	27.5
516.67	-6.5
516.93	9.5
517.19	8
517.45	8
517.71	8.5
517.97	0.5
518.23	19
518.49	15.5
518.74	0
519	23.5
519.26	7
519.52	-7.5
519.78	8
520.04	-3.5
520.3	19
520.56	11
520.81	25.5
521.07	16
521.33	13.5
521.59	22.5
521.85	2
522.11	7
522.37	25.5
522.62	-3
522.88	12.5
523.14	-2
523.4	29
523.66	12.5
523.92	19
524.18	0
524.44	9.5
524.69	-4
524.95	10
525.21	19.5
525.47	9.5
525.73	25.5
525.99	11.5
526.24	22.5
526.5	25.5
526.76	-2.5
527.02	26
527.28	28.5
527.54	16
527.8	19
528.05	1
528.31	-20
528.57	3
528.83	13
529.09	14.5
529.35	9
529.61	3.5
529.86	1
530.12	16
530.38	16
530.64	-3
530.9	9
531.16	3.5
531.41	43.5
531.67	16
531.93	24.5
532.19	-9.5
532.45	33.5
532.71	2
532.96	20.5
533.22	27.5
533.48	-2.5
533.74	6
534	11
534.26	30
534.51	-5
534.77	39
535.03	-1
535.29	5
535.55	21.5
535.8	9
536.06	16
536.32	12.5
536.58	8
536.84	-1
537.1	-10.5
537.35	41
537.61	11.5
537.87	25
538.13	27
538.39	16
538.64	28.5
538.9	24.5
539.16	21
539.42	17
539.68	15.5
539.94	25.5
540.19	4
540.45	37
540.71	5.5
540.97	19
541.23	31
541.48	12
541.74	28.5
542	35.5
542.26	25
542.52	16
542.77	25
543.03	5.5
543.29	13.5
543.55	9
543.81	33
544.06	33.5
544.32	21.5
544.58	20
544.84	25
545.1	-4
545.35	25.5
545.61	12
545.87	40.5
546.13	34.5
546.38	-0.5
546.64	5.5
546.9	22.5
547.16	23
547.42	12.5
547.67	33.5
547.93	20
548.19	-1.5
548.45	13
548.71	5
548.96	17
549.22	27
549.48	-1.5
549.74	43
549.99	4.5
550.25	21
550.51	23
550.77	17.5
551.03	14
551.28	27.5
551.54	29
551.8	19
552.06	6.5
552.31	27
552.57	35
552.83	14
553.09	12
553.34	18
553.6	10
553.86	15.5
554.12	14
554.37	3.5
554.63	-2
554.89	18
555.15	10.5
555.41	32
555.66	8.5
555.92	21.5
556.18	21
556.44	16
556.69	16
556.95	16.5
557.21	13
557.47	12.5
557.72	22.5
557.98	28
558.24	29.5
558.5	22
558.75	29
559.01	28
559.27	29.5
559.53	21
559.78	40
560.04	19.5
560.3	29
560.56	8
560.81	15
561.07	20
561.33	12
561.58	36.5
561.84	-2.5
562.1	12.5
562.36	25.5
562.61	0
562.87	17
563.13	8
563.39	14.5
563.64	11
563.9	9
564.16	26.5
564.42	17
564.67	19
564.93	9.5
565.19	32
565.44	11.5
565.7	0.5
565.96	25.5
566.22	13
566.47	32
566.73	3.5
566.99	30
567.25	-10
567.5	13
567.76	10.5
568.02	18.5
568.27	20.5
568.53	-9
568.79	17.5
569.05	-3.5
569.3	9.5
569.56	18.5
569.82	22
570.07	26.5
570.33	18.5
570.59	2
570.85	13
571.1	33.5
571.36	26
571.62	5.5
571.87	25.5
572.13	-9
572.39	17
572.64	5
572.9	2.5
573.16	8.5
573.42	17
573.67	17
573.93	21
574.19	9.5
574.44	20.5
574.7	7
574.96	42
575.21	25.5
575.47	41.5
575.73	15
575.99	15.5
576.24	27.5
576.5	20
576.76	-4
577.01	18
577.27	8.5
577.53	35.5
577.78	34.5
578.04	30.5
578.3	-3.5
578.55	38.5
578.81	18.5
579.07	24
579.32	13
579.58	6.5
579.84	50
580.1	18
580.35	24.5
580.61	11
580.87	29
581.12	9
581.38	9.5
581.64	24
581.89	10
582.15	-1
582.41	15.5
582.66	-9.5
582.92	17.5
583.18	20.5
583.43	9.5
583.69	18
583.95	-3.5
584.2	23.5
584.46	9.5
584.72	34.5
584.97	12.5
585.23	3.5
585.49	37
585.74	8.5
586	9
586.26	-5
586.51	-12.5
586.77	28
587.03	21
587.28	-7
587.54	27
587.8	4.5
588.05	16.5
588.31	13
588.56	13.5
588.82	29.5
589.08	8
589.33	3.5
589.59	3.5
589.85	26
590.1	5.5
590.36	22
590.62	28
590.87	32
591.13	14.5
591.39	12
591.64	17
591.9	14
592.16	31.5
592.41	12.5
592.67	18.5
592.92	22.5
593.18	14
593.44	11
593.69	11
593.95	29
594.21	21.5
594.46	-22.5
594.72	12.5
594.97	21
595.23	12.5
595.49	22.5
595.74	18
596	2
596.26	27
596.51	27.5
596.77	20
597.03	9
597.28	25
597.54	3.5
597.79	-1.5
598.05	13.5
598.31	29
598.56	27
598.82	6.5
599.07	28.5
599.33	15
599.59	2.5
599.84	12.5
600.1	18.5
600.36	17
600.61	6.5
600.87	11.5
601.12	25
601.38	16
601.64	20
601.89	19
602.15	16.5
602.4	18
602.66	18.5
602.92	11.5
603.17	24
603.43	-5.5
603.68	19.5
603.94	-4
604.2	9
604.45	-7
604.71	10
604.96	23
605.22	22
605.48	10
605.73	9
605.99	9.5
606.24	23.5
606.5	18
606.76	1.5
607.01	20.5
607.27	22.5
607.52	9
607.78	25.5
608.04	9.5
608.29	29.5
608.55	-7
608.8	5.5
609.06	2.5
609.31	5
609.57	18.5
609.83	1.5
610.08	12.5
610.34	25.5
610.59	-8
610.85	-1.5
611.11	12
611.36	3
611.62	21
611.87	18
612.13	-22.5
612.38	14
612.64	3.5
612.9	-2.5
613.15	23
613.41	14
613.66	34.5
613.92	17
614.17	-0.5
614.43	10.5
614.69	12
614.94	4
615.2	2
615.45	5.5
615.71	33.5
615.96	27.5
616.22	-5.5
616.47	5
616.73	7
616.99	7.5
617.24	15
617.5	-3
617.75	10
618.01	-9
618.26	14
618.52	-9.5
618.77	32
619.03	4.5
619.29	19.5
619.54	12
619.8	21
620.05	15.5
620.31	4.5
620.56	6
620.82	17
621.07	-10.5
621.33	2.5
621.58	39
621.84	-4
622.1	-16.5
622.35	-3.5
622.61	22
622.86	7.5
623.12	13
623.37	-1
623.63	9
623.88	13
624.14	8
624.39	13.5
624.65	-15
624.9	-9.5
625.16	13.5
625.41	-19
625.67	14.5
625.93	14
626.18	12
626.44	18
626.69	24.5
626.95	8.5
627.2	21
627.46	-5.5
627.71	-11
627.97	12.5
628.22	-13.5
628.48	-2
628.73	-7.5
628.99	22.5
629.24	-4.5
629.5	33
629.75	13
630.01	11
630.26	4
630.52	-8
630.77	1
631.03	3
631.28	-7.5
631.54	13
631.79	-7.5
632.05	14.5
632.3	-9.5
632.56	5
632.81	11
633.07	5.5
633.32	12.5
633.58	2
633.83	11
634.09	21
634.34	1.5
634.6	13
634.85	3
635.11	5.5
635.36	-9
635.62	-11
635.87	-12.5
636.13	8
636.38	3
636.64	-11.5
636.89	19.5
637.15	-5
637.4	2.5
637.66	9.5
637.91	-5
638.17	13.5
638.42	12
638.68	9
638.93	-19
639.19	8
639.44	18.5
639.7	-6.5
639.95	-0.5
640.21	10.5
640.46	-9
640.72	6.5
640.97	-3.5
641.23	13
641.48	-4.5
641.74	12.5
641.99	-8.5
642.25	14.5
642.5	4
642.76	5
643.01	4
643.26	11
643.52	-3
643.77	8
644.03	17
644.28	3.5
644.54	-1
644.79	-11
645.05	14
645.3	8
645.56	-9.5
645.81	-3.5
646.07	11.5
646.32	12
646.58	10
646.83	-0.5
647.08	-14.5
647.34	-9.5
647.59	20.5
647.85	4.5
648.1	8
648.36	-2
648.61	14
648.87	-16.5
649.12	2.5
649.37	2.5
649.63	16.5
649.88	-0.5
650.14	29.5
650.39	0.5
650.65	11.5
650.9	0.5
651.16	-9.5
651.41	18
651.67	-20
651.92	26
652.17	-4.5
652.43	-5.5
652.68	23
652.94	9
653.19	5
653.45	-28
653.7	21
653.95	-17
654.21	-6
654.46	-2.5
654.72	-5.5
654.97	3.5
655.23	8.5
655.48	20.5
655.73	18
655.99	7
656.24	6
656.5	-5.5
656.75	-29
657.01	15.5
657.26	29.5
657.51	3.5
657.77	0.5
658.02	4
658.28	-3
658.53	1.5
658.79	27.5
659.04	9
659.29	4.5
659.55	-2.5
659.8	20
660.06	1.5
660.31	2
660.56	6.5
660.82	-4.5
661.07	-3.5
661.33	19.5
661.58	27
661.83	8.5
662.09	11.5
662.34	3
662.6	16
662.85	-6
663.11	-5.5
663.36	11
663.61	0
663.87	7
664.12	8.5
664.38	11.5
664.63	1.5
664.88	-4.5
665.14	16
665.39	7
665.65	-10.5
665.9	-5.5
666.15	-5
666.41	-7
666.66	5
666.91	-9.5
667.17	6.5
667.42	6
667.68	11
667.93	-2
668.18	11
668.44	-15.5
668.69	-10
668.95	1
669.2	5
669.45	0.5
669.71	-11.5
669.96	7
670.21	9.5
670.47	-3.5
670.72	-3.5
670.98	1
671.23	-8.5
671.48	9.5
671.74	13.5
671.99	10.5
672.24	-5
672.5	6.5
672.75	-2
673.01	-8.5
673.26	0.5
673.51	6
673.77	-2.5
674.02	-4
674.27	18
674.53	3.5
674.78	-7
675.04	1
675.29	-3.5
675.54	2
675.8	-11.5
676.05	11.5
676.3	16
676.56	30
676.81	0
677.06	3
677.32	21.5
677.57	-7.5
677.82	-2.5
678.08	8.5
678.33	7.5
678.59	-4.5
678.84	23
679.09	-2
679.35	13.5
679.6	-2.5
679.85	-4.5
680.11	-7
680.36	4.5
680.61	18
680.87	23
681.12	5.5
681.37	21.5
681.63	-16
681.88	-8.5
682.13	13.5
682.39	13
682.64	7.5
682.89	8
683.15	-1
683.4	7
683.65	7
683.91	8.5
684.16	-3
684.41	-7
684.67	-1
684.92	-5
685.17	9
685.43	-13.5
685.68	-2
685.93	9
686.19	12
686.44	0.5
686.69	7.5
686.95	10.5
687.2	0.5
687.45	15.5
687.71	-21.5
687.96	-11
688.21	3
688.47	-12
688.72	-1
688.97	-1.5
689.22	14
689.48	1.5
689.73	-12.5
689.98	-1.5
690.24	-1.5
690.49	-1.5
690.74	-14
691	-1
691.25	9.5
691.5	-8.5
691.76	8.5
692.01	4.5
692.26	10.5
692.51	8
692.77	11
693.02	-3.5
693.27	6.5
693.53	8.5
693.78	4.5
694.03	-14
694.29	13
694.54	24
694.79	-2
695.04	15.5
695.3	-11.5
695.55	6.5
695.8	5
696.06	-15.5
696.31	7
696.56	1
696.82	3
697.07	4
697.32	-21.5
697.57	5.5
697.83	-4.5
698.08	9.5
698.33	-1.5
698.59	-2.5
698.84	2.5
699.09	-5
699.34	-4
699.6	9
699.85	-21.5
700.1	-0.5
700.35	-12
700.61	-10
700.86	23.5
701.11	-1
701.37	-9.5
701.62	3.5
701.87	1.5
702.12	9
702.38	6.5
702.63	-14
702.88	4.5
703.13	13.5
703.39	1.5
703.64	-1
703.89	-8.5
704.15	7.5
704.4	15.5
704.65	-11
704.9	-4
705.16	21
705.41	9
705.66	9
705.91	-3
706.17	-8
706.42	-22.5
706.67	-6
706.92	6
707.18	-5.5
707.43	-22
707.68	-20
707.93	8.5
708.19	10.5
708.44	-10.5
708.69	-13.5
708.94	-4.5
709.2	12
709.45	-5.5
709.7	-9
709.95	6
710.21	11
710.46	14
710.71	16
710.96	18
711.22	13
711.47	17.5
711.72	3.5
711.97	20.5
712.22	19
712.48	3
712.73	-5
712.98	0
713.23	4.5
713.49	-21.5
713.74	-6
713.99	-6.5
714.24	3.5
714.5	9.5
714.75	-7.5
715	12
715.25	8
715.5	18
715.76	22.5
716.01	-17.5
716.26	-27
716.51	-0.5
716.77	-0.5
717.02	-1
717.27	12
717.52	-7.5
717.77	10
718.03	-2
718.28	5
718.53	-8.5
718.78	-8.5
719.04	1.5
719.29	-3
719.54	1.5
719.79	-4.5
720.04	6
720.3	9
720.55	5
720.8	-4
721.05	-0.5
721.3	-10
721.56	-3.5
721.81	16
722.06	14
722.31	-4
722.56	-6
722.82	-22.5
723.07	10
723.32	-2.5
723.57	9.5
723.82	6.5
724.08	4.5
724.33	8
724.58	4.5
724.83	10
725.08	15.5
725.34	6.5
725.59	-11.5
725.84	6.5
726.09	12
726.34	-13.5
726.59	-5.5
726.85	21
727.1	3
727.35	11
727.6	14.5
727.85	-32.5
728.11	8.5
728.36	20
728.61	3.5
728.86	0
729.11	-0.5
729.36	-16
729.62	1
729.87	-4.5
730.12	-3
730.37	0
730.62	-8
730.88	12.5
731.13	5
731.38	-1
731.63	10.5
731.88	6.5
732.13	-9
732.39	6.5
732.64	-0.5
732.89	-7.5
733.14	-0.5
733.39	-17
733.64	-17.5
733.9	1.5
734.15	3
734.4	-16
734.65	5
734.9	9
735.15	-11.5
735.4	-1.5
735.66	-2.5
735.91	3
736.16	10.5
736.41	9
736.66	-6.5
736.91	-21
737.17	4.5
737.42	-5
737.67	-5.5
737.92	5.5
738.17	13.5
738.42	8
738.67	9.5
738.93	7.5
739.18	10.5
739.43	20
739.68	-10
739.93	-20.5
740.18	9
740.43	19
740.69	3
740.94	-1
741.19	14.5
741.44	4
741.69	15.5
741.94	-11
742.19	-12
742.44	-6.5
742.7	16.5
742.95	-6.5
743.2	-16
743.45	2.5
743.7	-6.5
743.95	19.5
744.2	-2
744.45	-4
744.71	7.5
744.96	30
745.21	2
745.46	16.5
745.71	4.5
745.96	14
746.21	23
746.46	7
746.72	20.5
746.97	12.5
747.22	-21.5
747.47	-8
747.72	1
747.97	12.5
748.22	-17
748.47	6
748.72	-2
748.98	8
749.23	26.5
749.48	4
749.73	7
749.98	22.5
750.23	10
750.48	-0.5
750.73	0
750.98	4.5
751.23	-4
751.49	-0.5
751.74	14.5
751.99	0.5
752.24	0
752.49	9
752.74	-0.5
752.99	-7.5
753.24	6
753.49	-21.5
753.74	4
754	6
754.25	1
754.5	-11
754.75	-12
755	10.5
755.25	-11.5
755.5	19.5
755.75	1.5
756	3.5
756.25	-10
756.5	-4
756.75	18.5
757.01	8.5
757.26	1.5
757.51	-0.5
757.76	15.5
758.01	5
758.26	7.5
758.51	7
758.76	1
759.01	1
759.26	-13.5
759.51	9.5
759.76	1
760.01	4
760.26	-2
760.52	3.5
760.77	-0.5
761.02	-5
761.27	-3
761.52	4.5
761.77	-8
762.02	11
762.27	5.5
762.52	13.5
762.77	4.5
763.02	-14
763.27	1.5
763.52	-0.5
763.77	-16.5
764.02	16.5
764.27	6.5
764.53	10
764.78	11.5
765.03	-16.5
765.28	-6
765.53	19.5
765.78	22.5
766.03	-6
766.28	9.5
766.53	-3
766.78	9
767.03	-16.5
767.28	16.5
767.53	0
767.78	-8
768.03	-2.5
768.28	7
768.53	27
768.78	14
769.03	13.5
769.28	-13.5
769.53	-6.5
769.78	1.5
770.03	3
770.28	-3.5
770.54	-3.5
770.79	26.5
771.04	8.5
771.29	7
771.54	16.5
771.79	5.5
772.04	-12
772.29	-2.5
772.54	3
772.79	-15.5
773.04	18
773.29	12
773.54	18.5
773.79	-2
774.04	-17
774.29	2
774.54	4.5
774.79	-5.5
775.04	7.5
775.29	13
775.54	11
775.79	-22.5
776.04	-17.5
776.29	15
776.54	10
776.79	6.5
777.04	-8
777.29	5
777.54	1.5
777.79	0
778.04	14
778.29	-15.5
778.54	8.5
778.79	6.5
779.04	10.5
779.29	12.5
779.54	13
779.79	-7.5
780.04	-17.5
780.29	-22.5
780.54	7.5
780.79	15
781.04	6
781.29	21
781.54	11
781.79	11.5
782.04	5.5
782.29	16.5
782.54	-14.5
782.79	4.5
783.04	7.5
783.29	1.5
783.54	25
783.79	15
784.04	3.5
784.29	23.5
784.54	26
784.79	26.5
785.04	19.5
785.29	1
785.54	21.5
785.79	29.5
786.04	-8
786.29	3
786.54	13
786.79	9
787.04	20.5
787.29	2.5
787.54	15
787.79	2
788.04	12
788.29	14
788.53	5.5
788.78	32
789.03	0
789.28	-7
789.53	-4.5
789.78	7
790.03	-2
790.28	20
790.53	-4.5
790.78	23
791.03	8.5
791.28	0
791.53	16.5
791.78	-4.5
792.03	13.5
792.28	4
792.53	18.5
792.78	-3.5
793.03	0.5
793.28	3.5
793.53	3
793.78	7.5
794.03	-5
794.27	5
794.52	-2.5
794.77	16.5
795.02	-1.5
795.27	-11.5
795.52	6.5
795.77	1.5
796.02	22
796.27	-14
796.52	6
796.77	5
797.02	9
797.27	-16
797.52	-13.5
797.77	10
798.02	0.5
798.27	-23
798.51	-1.5
798.76	14
799.01	16
799.26	0.5
799.51	2
799.76	28
800.01	34.5
800.26	11
800.51	22.5
800.76	0
801.01	6.5
801.26	1.5
801.51	21.5
801.76	0.5
802	20
802.25	-10.5
802.5	2.5
802.75	2.5
803	-11.5
803.25	-3
803.5	2.5
803.75	4
804	20
804.25	10
804.5	28
804.74	16
804.99	13.5
805.24	-3
805.49	30.5
805.74	23
805.99	26.5
806.24	18.5
806.49	5.5
806.74	-11.5
806.99	6.5
807.24	9.5
807.48	0
807.73	-11.5
807.98	0
808.23	29.5
808.48	-8.5
808.73	0
808.98	16
809.23	0.5
809.48	19
809.72	-4
809.97	5.5
810.22	8.5
810.47	12
810.72	12
810.97	15.5
811.22	8
811.47	9
811.72	5
811.96	-2.5
812.21	23.5
812.46	11
812.71	-7
812.96	4.5
813.21	-2
813.46	-3.5
813.71	27.5
813.96	8
814.2	3
814.45	5
814.7	13.5
814.95	-20
815.2	9
815.45	23.5
815.7	2
815.95	8
816.19	20
816.44	10
816.69	34.5
816.94	7.5
817.19	0.5
817.44	28.5
817.69	11.5
817.93	9
818.18	4
818.43	13
818.68	6.5
818.93	18
819.18	2.5
819.43	5.5
819.67	19
819.92	2.5
820.17	9
820.42	17.5
820.67	16
820.92	18.5
821.17	10
821.41	12
821.66	6.5
821.91	-13.5
822.16	25
822.41	16.5
822.66	45
822.9	15
823.15	4.5
823.4	16
823.65	10
823.9	7
824.15	20
824.4	15
824.64	14.5
824.89	5
825.14	3
825.39	28
825.64	-6.5
825.89	1.5
826.13	-18
826.38	14.5
826.63	19.5
826.88	6.5
827.13	20.5
827.38	9.5
827.62	3.5
827.87	19
828.12	8
828.37	4
828.62	28
828.86	27
829.11	7
829.36	26
829.61	-14.5
829.86	10.5
830.11	4
830.35	8.5
830.6	15
830.85	4
831.1	0.5
831.35	7
831.59	11
831.84	22
832.09	7.5
832.34	27
832.59	11.5
832.84	19.5
833.08	29.5
833.33	-8
833.58	19
833.83	21.5
834.08	1
834.32	9.5
834.57	24.5
834.82	-9.5
835.07	17
835.32	-12.5
835.56	15.5
835.81	13.5
836.06	11.5
836.31	2.5
836.56	24.5
836.8	0.5
837.05	7.5
837.3	33.5
837.55	1.5
837.8	15
838.04	-17.5
838.29	4.5
838.54	-1.5
838.79	12
839.03	-7.5
839.28	13.5
839.53	15.5
839.78	-8
840.03	12
840.27	23
840.52	6
840.77	20.5
841.02	5
841.26	3
841.51	-1
841.76	27.5
842.01	14
842.26	10
842.5	7
842.75	5
843	9.5
843.25	8.5
843.49	1
843.74	13.5
843.99	0
844.24	0
844.48	24.5
844.73	-3
844.98	-3.5
845.23	11.5
845.48	2.5
845.72	7
845.97	25
846.22	-7
846.47	8.5
846.71	25.5
846.96	10.5
847.21	12.5
847.46	31.5
847.7	9
847.95	-11
848.2	7
848.45	7
848.69	4
848.94	33.5
849.19	24
849.44	0.5
849.68	25
849.93	15
850.18	24
850.43	4.5
850.67	10.5
850.92	27.5
851.17	16
851.42	10.5
851.66	-6.5
851.91	10
852.16	13
852.41	22.5
852.65	6.5
852.9	6.5
853.15	-3
853.39	15
853.64	9
853.89	7.5
854.14	10
854.38	0.5
854.63	8
854.88	29
855.13	26
855.37	-6
855.62	-6.5
855.87	14
856.11	13
856.36	32
856.61	-6.5
856.86	1
857.1	-10.5
857.35	-13
857.6	12.5
857.85	9.5
858.09	6.5
858.34	14
858.59	16.5
858.83	0.5
859.08	34.5
859.33	11
859.58	8
859.82	17
860.07	6
860.32	32.5
860.56	1
860.81	20
861.06	-10
861.3	-9
861.55	-8
861.8	-6.5
862.05	7.5
862.29	3
862.54	18
862.79	27.5
863.03	19
863.28	9
863.53	-20
863.77	12
864.02	-14.5
864.27	2
864.52	16
864.76	-3
865.01	7.5
865.26	30
865.5	-10
865.75	-17
866	-8.5
866.24	-1
866.49	8
866.74	20.5
866.98	-3
867.23	34
867.48	10.5
867.72	10.5
867.97	7.5
868.22	15
868.46	20.5
868.71	1.5
868.96	25
869.21	5.5
869.45	18.5
869.7	1
869.95	-6
870.19	-2
870.44	14
870.69	8
870.93	41.5
871.18	-5.5
871.43	2
871.67	23
871.92	9
872.17	-1.5
872.41	-3
872.66	18
872.91	8.5
873.15	11.5
873.4	12
873.64	-12.5
873.89	-4.5
874.14	24
874.38	-3.5
874.63	-5.5
874.88	-16.5
875.12	-0.5
875.37	-3
875.62	5.5
875.86	6
876.11	0.5
876.36	16
876.6	-2
876.85	10
877.1	8.5
877.34	21
877.59	-1.5
877.84	23
878.08	0
878.33	29
878.57	-1.5
878.82	-11.5
879.07	-5
879.31	20.5
879.56	-13
879.81	2.5
880.05	14
880.3	8
880.55	-13.5
880.79	18.5
881.04	-11
881.28	32
881.53	-9
881.78	-14.5
882.02	-18.5
882.27	14.5
882.52	10.5
882.76	0
883.01	7
883.25	34
883.5	4.5
883.75	-6.5
883.99	11.5
884.24	-1.5
884.49	-14
884.73	17
884.98	5.5
885.22	-1
885.47	11.5
885.72	-0.5
885.96	17.5
886.21	-5
886.45	23.5
886.7	10
886.95	26.5
887.19	-1.5
887.44	3.5
887.69	-5.5
887.93	-17
888.18	20.5
888.42	-15
888.67	17.5
888.92	0
889.16	6
889.41	19.5
889.65	-11.5
889.9	2
890.15	3.5
890.39	-10
890.64	-9.5
890.88	15
891.13	2.5
891.38	5
891.62	9
891.87	20.5
892.11	2.5
892.36	28.5
892.6	27
892.85	-6.5
893.1	10
893.34	-5
893.59	30.5
893.83	8
894.08	-0.5
894.33	-2
894.57	17.5
894.82	28
895.06	8
895.31	14
895.55	-15
895.8	21
896.05	8.5
896.29	21.5
896.54	5
896.78	-5.5
897.03	5
897.27	6.5
897.52	1.5
897.77	1.5
898.01	10
898.26	-10
898.5	-5
898.75	-5.5
898.99	-18.5
899.24	-9.5
899.49	2.5
899.73	9
899.98	-5
900.22	2
900.47	-8
900.71	21
900.96	12
901.2	20
901.45	-13
901.7	3
901.94	13.5
902.19	2.5
902.43	0.5
902.68	-7
902.92	15
903.17	25
903.41	23.5
903.66	5
903.91	-21.5
904.15	-4
904.4	1
904.64	-8
904.89	-1.5
905.13	3.5
905.38	12
905.62	7.5
905.87	-18
906.11	-1
906.36	-18
906.6	22
906.85	31.5
907.1	-14.5
907.34	-24
907.59	2.5
907.83	8
908.08	-12
908.32	-1.5
908.57	21
908.81	10
909.06	9.5
909.3	20
909.55	-7
909.79	31
910.04	-2
910.28	4.5
910.53	-3
910.77	-6.5
911.02	-4.5
911.26	17.5
911.51	-1.5
911.75	12.5
912	12.5
912.25	-12.5
912.49	2
912.74	14
912.98	-7.5
913.23	-3
913.47	13
913.72	-9.5
913.96	26.5
914.21	-6
914.45	9
914.7	7.5
914.94	3
915.19	12
915.43	-4.5
915.68	11.5
915.92	2.5
916.17	7.5
916.41	0.5
916.66	-4
916.9	-2.5
917.15	7.5
917.39	7
917.64	20
917.88	0
918.13	0.5
918.37	10
918.62	-20
918.86	-5
919.11	-6.5
919.35	-2
919.6	18
919.84	-0.5
920.08	-11
920.33	17
920.57	-0.5
920.82	5
921.06	18
921.31	-2.5
921.55	14
921.8	19
922.04	1.5
922.29	0
922.53	7
922.78	7.5
923.02	7.5
923.27	7.5
923.51	3.5
923.76	21
924	3
924.25	22.5
924.49	0.5
924.74	6
924.98	-19.5
925.22	-4.5
925.47	-6
925.71	-21.5
925.96	-1.5
926.2	-4.5
926.45	13.5
926.69	17
926.94	8
927.18	1.5
927.43	-4
927.67	12.5
927.92	12
928.16	13
928.4	2.5
928.65	1
928.89	-8.5
929.14	7.5
929.38	12.5
929.63	10.5
929.87	-18.5
930.12	-13
930.36	-8
930.6	-8
930.85	-23
931.09	0.5
931.34	23.5
931.58	1.5
931.83	20.5
932.07	8.5
932.32	-2.5
932.56	3.5
932.8	7.5
933.05	7
933.29	0
933.54	-9
933.78	12.5
934.03	-12.5
934.27	22
934.51	9.5
934.76	9
935	0
935.25	1.5
935.49	-0.5
935.74	24.5
935.98	16
936.22	4.5
936.47	24
936.71	2.5
936.96	12
937.2	-1.5
937.45	12.5
937.69	-13.5
937.93	2.5
938.18	18.5
938.42	10.5
938.67	12
938.91	-5.5
939.15	-3.5
939.4	26
939.64	-10
939.89	22.5
940.13	-6.5
940.38	32
940.62	-10
940.86	15
941.11	26.5
941.35	5.5
941.6	12.5
941.84	16
942.08	14
942.33	1
942.57	19.5
942.82	-8
943.06	-11.5
943.3	-9.5
943.55	-14.5
943.79	21.5
944.04	3
944.28	1.5
944.52	-2
944.77	19
945.01	14.5
945.25	18.5
945.5	18.5
945.74	19.5
945.99	0.5
946.23	16.5
946.47	26.5
946.72	-1.5
946.96	-15.5
947.21	4.5
947.45	19.5
947.69	7.5
947.94	7.5
948.18	1
948.42	-8.5
948.67	10
948.91	-0.5
949.16	13.5
949.4	-5
949.64	13
949.89	-7
950.13	-11.5
950.37	3.5
950.62	14
950.86	-7.5
951.11	19
951.35	15
951.59	11.5
951.84	-2.5
952.08	-2
952.32	-7
952.57	-4
952.81	17.5
953.05	-1.5
953.3	1
953.54	2
953.78	11.5
954.03	2
954.27	9
954.52	10
954.76	14
955	19
955.25	-1
955.49	2
955.73	-2
955.98	-3
956.22	-3
956.46	15.5
956.71	4.5
956.95	30.5
957.19	14.5
957.44	15
957.68	5
957.92	3.5
958.17	5.5
958.41	3.5
958.65	3.5
958.9	-6
959.14	19.5
959.38	15
959.63	11.5
959.87	9.5
960.11	15.5
960.36	-1.5
960.6	12.5
960.84	1.5
961.09	2.5
961.33	-4
961.57	-3.5
961.82	-8
962.06	-17
962.3	11.5
962.55	8.5
962.79	21.5
963.03	-11.5
963.28	15.5
963.52	3
963.76	19
964.01	23
964.25	14.5
964.49	8.5
964.74	8
964.98	6.5
965.22	-9.5
965.47	-13
965.71	15
965.95	16.5
966.19	11
966.44	-6.5
966.68	20.5
966.92	-1.5
967.17	-1.5
967.41	8.5
967.65	-0.5
967.9	16.5
968.14	-16.5
968.38	36
968.62	2.5
968.87	9.5
969.11	49.5
969.35	7
969.6	11
969.84	6.5
970.08	15.5
970.33	2.5
970.57	-3.5
970.81	25
971.05	15.5
971.3	-13
971.54	12.5
971.78	23
972.03	16.5
972.27	12.5
972.51	-0.5
972.75	1
973	-2.5
973.24	20.5
973.48	7.5
973.73	0.5
973.97	11.5
974.21	19
974.45	20.5
974.7	3
974.94	5
975.18	6.5
975.42	4
975.67	-10.5
975.91	20.5
976.15	-6.5
976.4	7
976.64	12
976.88	20.5
977.12	21
977.37	1.5
977.61	12
977.85	7.5
978.09	-4.5
978.34	2
978.58	5.5
978.82	7
979.06	23
979.31	6.5
979.55	26.5
979.79	-8
980.03	16.5
980.28	-2
980.52	9.5
980.76	18.5
981	12
981.25	27.5
981.49	32
981.73	-7
981.97	-6
982.22	22.5
982.46	12
982.7	-8
982.94	26.5
983.19	1
983.43	-3
983.67	-5
983.91	1
984.16	22
984.4	25.5
984.64	16
984.88	-0.5
985.13	13.5
985.37	24.5
985.61	22
985.85	15.5
986.1	30
986.34	5
986.58	-1
986.82	32
987.06	-1
987.31	9.5
987.55	8.5
987.79	-5.5
988.03	6
988.28	-15.5
988.52	9.5
988.76	9
989	-11.5
989.24	5.5
989.49	2
989.73	22
989.97	3.5
990.21	-4.5
990.46	17.5
990.7	19.5
990.94	-1
991.18	24.5
991.42	-10
991.67	21
991.91	8.5
992.15	-14.5
992.39	2
992.63	33.5
992.88	7
993.12	10.5
993.36	11
993.6	20
993.84	10.5
994.09	1.5
994.33	8
994.57	1
994.81	-13
995.05	-5
995.3	4.5
995.54	17
995.78	3.5
996.02	-5.5
996.26	14.5
996.51	13.5
996.75	6
996.99	18
997.23	-0.5
997.47	11.5
997.72	2
997.96	4.5
998.2	26
998.44	1
998.68	-13
998.92	0.5
999.17	-8.5
999.41	15.5
999.65	18.5
999.89	1
1000.13	-9
1000.38	4.5
1000.62	4
1000.86	35.5
1001.1	9
1001.34	10
1001.58	9
1001.83	17.5
1002.07	3.5
1002.31	-10
1002.55	28
1002.79	0
1003.03	18
1003.28	3.5
1003.52	17
1003.76	4
1004	13.5
1004.24	0.5
1004.48	6.5
1004.73	15
1004.97	1.5
1005.21	-8
1005.45	-17.5
1005.69	3.5
1005.93	14
1006.17	-20.5
1006.42	11.5
1006.66	19.5
1006.9	22.5
1007.14	19.5
1007.38	7.5
1007.62	18
1007.87	17.5
1008.11	27.5
1008.35	25
1008.59	45.5
1008.83	6
1009.07	12.5
1009.31	1
1009.56	32
1009.8	22.5
1010.04	8.5
1010.28	4
1010.52	8.5
1010.76	11
1011	-9
1011.24	20
1011.49	15
1011.73	28
1011.97	8.5
1012.21	10
1012.45	17.5
1012.69	29
1012.93	-1.5
1013.18	5
1013.42	3.5
1013.66	0
1013.9	5
1014.14	6.5
1014.38	7.5
1014.62	33.5
1014.86	9
1015.1	7.5
1015.35	14.5
1015.59	26.5
1015.83	33
1016.07	6
1016.31	29.5
1016.55	21.5
1016.79	5.5
1017.03	27
1017.28	7.5
1017.52	41.5
1017.76	0
1018	22
1018.24	3
1018.48	27.5
1018.72	48
1018.96	10
1019.2	22.5
1019.44	13
1019.69	38.5
1019.93	9
1020.17	28.5
1020.41	2.5
1020.65	18
1020.89	17
1021.13	34
1021.37	30
1021.61	-0.5
1021.85	26
1022.1	31.5
1022.34	40
1022.58	21
1022.82	19.5
1023.06	17
1023.3	51.5
1023.54	24
1023.78	24.5
1024.02	-2.5
1024.26	16
1024.5	28.5
1024.74	28.5
1024.99	16
1025.23	24.5
1025.47	27.5
1025.71	16
1025.95	19.5
1026.19	25
1026.43	24
1026.67	29
1026.91	26
1027.15	46.5
1027.39	31.5
1027.63	8.5
1027.87	54.5
1028.11	19.5
1028.36	24
1028.6	38.5
1028.84	40
1029.08	16.5
1029.32	33.5
1029.56	50.5
1029.8	24.5
1030.04	39.5
1030.28	19
1030.52	32.5
1030.76	44
1031	32.5
1031.24	41.5
1031.48	43.5
1031.72	34
1031.96	40
1032.2	52.5
1032.44	51.5
1032.69	59.5
1032.93	59.5
1033.17	36
1033.41	54
1033.65	59
1033.89	47
1034.13	60.5
1034.37	53
1034.61	77
1034.85	87.5
1035.09	80
1035.33	70
1035.57	43.5
1035.81	88.5
1036.05	73
1036.29	89
1036.53	68
1036.77	96
1037.01	86
1037.25	98.5
1037.49	87
1037.73	86
1037.97	117
1038.21	74
1038.45	89
1038.69	119.5
1038.93	102
1039.17	112
1039.42	118
1039.66	126.5
1039.9	144.5
1040.14	140.5
1040.38	135
1040.62	132
1040.86	144.5
1041.1	178
1041.34	157.5
1041.58	168
1041.82	190.5
1042.06	190.5
1042.3	188.5
1042.54	203.5
1042.78	210.5
1043.02	215
1043.26	234.5
1043.5	237
1043.74	262.5
1043.98	261
1044.22	289.5
1044.46	292.5
1044.7	283.5
1044.94	304
1045.18	331.5
1045.42	341.5
1045.66	365.5
1045.9	384.5
1046.14	389
1046.38	436
1046.62	485.5
1046.86	647
1047.1	908.5
1047.34	1517
1047.58	2249.5
1047.82	3163
1048.06	3900
1048.3	4483
1048.54	5034
1048.78	5534
1049.02	5893
1049.26	5973.5
1049.5	5981.5
1049.74	6067
1049.98	6385.5
1050.21	6588
1050.45	6507
1050.69	6487.5
1050.93	6540
1051.17	6986
1051.41	7378
1051.65	7524
1051.89	7523
1052.13	7698
1052.37	7908
1052.61	8191
1052.85	8153.5
1053.09	8303
1053.33	8588
1053.57	8928.5
1053.81	8721
1054.05	8843.5
1054.29	9171.5
1054.53	9254
1054.77	9258.5
1055.01	8978.5
1055.25	9094
1055.49	9174
1055.73	9138
1055.97	8937.5
1056.21	8630
1056.45	8317
1056.69	8369.5
1056.92	8570
1057.16	8621
1057.4	8310.5
1057.64	7818
1057.88	7532.5
1058.12	7583
1058.36	7585
1058.6	7435
1058.84	7279
1059.08	7152.5
1059.32	7226
1059.56	7287
1059.8	7226.5
1060.04	7099.5
1060.28	7005.5
1060.52	7044
1060.76	7062
1061	7041
1061.23	6917.5
1061.47	6792
1061.71	6681.5
1061.95	6627
1062.19	6573
1062.43	6507
1062.67	6359
1062.91	6299.5
1063.15	6163
1063.39	5997
1063.63	5938
1063.87	5730.5
1064.11	5569.5
1064.35	5333.5
1064.58	5061
1064.82	4894
1065.06	4861
1065.3	4738.5
1065.54	4562.5
1065.78	4339
1066.02	4210
1066.26	4028.5
1066.5	3881.5
1066.74	3681
1066.98	3456
1067.21	3234.5
1067.45	2913
1067.69	2648
1067.93	2262.5
1068.17	1854.5
1068.41	1469.5
1068.65	1202
1068.89	996.5
1069.13	794
1069.37	654.5
1069.61	589.5
1069.84	479.5
1070.08	447
1070.32	420
1070.56	416
1070.8	344
1071.04	341.5
1071.28	327
1071.52	340.5
1071.76	301
1071.99	298
1072.23	276.5
1072.47	281.5
1072.71	262.5
1072.95	243.5
1073.19	219
1073.43	220.5
1073.67	222
1073.91	209
1074.14	190.5
1074.38	183
1074.62	190
1074.86	161
1075.1	145.5
1075.34	144.5
1075.58	140.5
1075.82	132.5
1076.05	139.5
1076.29	134.5
1076.53	106
1076.77	125.5
1077.01	116
1077.25	95.5
1077.49	129
1077.73	96
1077.96	112.5
1078.2	86
1078.44	79.5
1078.68	81
1078.92	57.5
1079.16	82.5
1079.4	75
1079.63	83
1079.87	50.5
1080.11	51
1080.35	63.5
1080.59	82
1080.83	61
1081.07	37
1081.3	49.5
1081.54	43.5
1081.78	54
1082.02	41.5
1082.26	38
1082.5	51.5
1082.74	66
1082.97	52
1083.21	35
1083.45	44.5
1083.69	50
1083.93	55
1084.17	68.5
1084.4	40.5
1084.64	42
1084.88	18
1085.12	66
1085.36	56.5
1085.6	36.5
1085.84	53.5
1086.07	30
1086.31	36
1086.55	40.5
1086.79	18.5
1087.03	28
1087.26	26.5
1087.5	16
1087.74	19.5
1087.98	23.5
1088.22	35
1088.46	27.5
1088.69	38
1088.93	33
1089.17	21.5
1089.41	27.5
1089.65	38.5
1089.89	24.5
1090.12	32.5
1090.36	30.5
1090.6	32.5
1090.84	14.5
1091.08	10
1091.31	18
1091.55	29.5
1091.79	31
1092.03	30
1092.27	10.5
1092.5	27.5
1092.74	28.5
1092.98	21
1093.22	31.5
1093.46	26.5
1093.7	28.5
1093.93	40.5
1094.17	21
1094.41	30.5
1094.65	33
1094.89	7.5
1095.12	24.5
1095.36	26.5
1095.6	29
1095.84	26.5
1096.07	9
1096.31	18.5
1096.55	34
1096.79	26.5
1097.03	29
1097.26	34.5
1097.5	32.5
1097.74	7
1097.98	24.5
1098.22	29.5
1098.45	10
1098.69	14.5
1098.93	18
1099.17	13.5
1099.4	21.5
1099.64	10
1099.88	11.5
1100.12	11
1100.36	18
1100.59	10.5
1100.83	14.5
1101.07	13
1101.31	14
1101.54	14.5
1101.78	16.5
1102.02	-7
1102.26	15
1102.5	-2.5
1102.73	16.5
1102.97	25.5
1103.21	40.5
1103.45	34
1103.68	5
1103.92	15
1104.16	14
1104.4	40.5
1104.63	28
1104.87	3
1105.11	-7.5
1105.35	34
1105.58	26.5
1105.82	-8
1106.06	35
1106.3	19
1106.53	6.5
1106.77	15.5
1107.01	-5
1107.25	17.5
1107.48	34
1107.72	-0.5
1107.96	19.5
1108.2	9.5
1108.43	23.5
1108.67	-8.5
1108.91	2.5
1109.15	2.5
1109.38	31
1109.62	19.5
1109.86	19
1110.1	2.5
1110.33	35.5
1110.57	21.5
1110.81	26
1111.04	4
1111.28	9.5
1111.52	8
1111.76	4
1111.99	8
1112.23	3
1112.47	8.5
1112.71	-5.5
1112.94	-2.5
1113.18	17.5
1113.42	17.5
1113.65	15
1113.89	11.5
1114.13	21
1114.37	7
1114.6	8.5
1114.84	3
1115.08	16.5
1115.31	0.5
1115.55	17
1115.79	30
1116.03	14
1116.26	9
1116.5	13.5
1116.74	6.5
1116.97	12.5
1117.21	5
1117.45	22
1117.69	20
1117.92	-11.5
1118.16	12
1118.4	-12.5
1118.63	4
1118.87	3.5
1119.11	4.5