194.99	21
195.26	21
195.52	21
195.79	3
196.06	-5
196.33	18
196.6	29
196.87	23
197.13	-7
197.4	-7
197.67	-14
197.94	-13
198.21	-11
198.48	38
198.74	12
199.01	13
199.28	-23
199.55	35
199.82	17
200.09	15
200.35	5
200.62	21
200.89	-5
201.16	-2
201.43	21
201.69	-6
201.96	15
202.23	20
202.5	-12
202.77	20
203.04	2
203.3	21
203.57	-26
203.84	-23
204.11	-5
204.38	-17
204.64	13
204.91	-13
205.18	8
205.45	-10
205.72	11
205.98	-5
206.25	-4
206.52	2
206.79	6
207.06	-9
207.32	-22
207.59	11
207.86	5
208.13	-13
208.4	35
208.67	33
208.93	21
209.2	-4
209.47	1
209.74	-1
210	9
210.27	-7
210.54	6
210.81	-4
211.08	10
211.34	13
211.61	-4
211.88	4
212.15	-15
212.42	-4
212.68	-2
212.95	6
213.22	3
213.49	6
213.76	7
214.02	5
214.29	18
214.56	-9
214.83	12
215.09	7
215.36	25
215.63	-7
215.9	-20
216.17	24
216.43	16
216.7	-27
216.97	-13
217.24	6
217.5	9
217.77	16
218.04	18
218.31	-29
218.58	4
218.84	7
219.11	24
219.38	15
219.65	-15
219.91	2
220.18	-6
220.45	-12
220.72	5
220.98	16
221.25	2
221.52	19
221.79	21
222.05	-29
222.32	-2
222.59	4
222.86	-5
223.13	11
223.39	-2
223.66	-3
223.93	16
224.2	15
224.46	14
224.73	38
225	25
225.27	-9
225.53	12
225.8	15
226.07	1
226.34	2
226.6	-8
226.87	-13
227.14	14
227.41	5
227.67	25
227.94	-5
228.21	21
228.48	8
228.74	-3
229.01	2
229.28	15
229.55	12
229.81	33
230.08	19
230.35	-2
230.61	11
230.88	-7
231.15	13
231.42	-2
231.68	19
231.95	17
232.22	22
232.49	-9
232.75	-1
233.02	14
233.29	1
233.56	12
233.82	1
234.09	13
234.36	14
234.62	-3
234.89	11
235.16	9
235.43	4
235.69	5
235.96	7
236.23	-1
236.5	-11
236.76	15
237.03	46
237.3	20
237.56	39
237.83	17
238.1	8
238.37	0
238.63	-17
238.9	17
239.17	-23
239.43	0
239.7	0
239.97	34
240.24	-3
240.5	10
240.77	2
241.04	0
241.3	16
241.57	2
241.84	6
242.1	12
242.37	-17
242.64	10
242.91	6
243.17	14
243.44	-18
243.71	16
243.97	-6
244.24	1
244.51	-11
244.77	4
245.04	30
245.31	2
245.58	3
245.84	21
246.11	11
246.38	16
246.64	26
246.91	2
247.18	22
247.44	-18
247.71	24
247.98	36
248.24	-11
248.51	-11
248.78	-1
249.05	19
249.31	22
249.58	17
249.85	4
250.11	13
250.38	3
250.65	-19
250.91	-23
251.18	-4
251.45	-7
251.71	-3
251.98	23
252.25	-7
252.51	13
252.78	-7
253.05	-17
253.31	6
253.58	-7
253.85	21
254.11	-26
254.38	-1
254.65	8
254.91	18
255.18	5
255.45	-30
255.71	11
255.98	27
256.25	-20
256.51	-17
256.78	4
257.05	7
257.31	6
257.58	-10
257.85	9
258.11	-5
258.38	-1
258.65	20
258.91	28
259.18	28
259.45	13
259.71	-9
259.98	-12
260.25	1
260.51	33
260.78	5
261.05	-19
261.31	-11
261.58	14
261.85	9
262.11	-18
262.38	-4
262.65	-3
262.91	15
263.18	-2
263.44	0
263.71	10
263.98	-1
264.24	16
264.51	0
264.78	-5
265.04	5
265.31	0
265.58	-2
265.84	15
266.11	-24
266.37	12
266.64	11
266.91	12
267.17	7
267.44	16
267.71	9
267.97	3
268.24	-28
268.51	-1
268.77	19
269.04	12
269.3	29
269.57	21
269.84	-10
270.1	20
270.37	-13
270.64	-5
270.9	12
271.17	-5
271.43	-19
271.7	14
271.97	12
272.23	-19
272.5	4
272.77	-5
273.03	5
273.3	29
273.56	10
273.83	-10
274.1	13
274.36	12
274.63	-4
274.89	13
275.16	-4
275.43	-4
275.69	7
275.96	35
276.23	-1
276.49	16
276.76	-25
277.02	3
277.29	5
277.56	-25
277.82	23
278.09	16
278.35	24
278.62	16
278.89	-3
279.15	-3
279.42	-16
279.68	3
279.95	-2
280.22	3
280.48	0
280.75	9
281.01	9
281.28	26
281.55	17
281.81	17
282.08	25
282.34	16
282.61	18
282.87	18
283.14	-26
283.41	17
283.67	-12
283.94	6
284.2	-5
284.47	-13
284.74	10
285	9
285.27	18
285.53	24
285.8	11
286.06	11
286.33	4
286.6	-8
286.86	0
287.13	32
287.39	-13
287.66	14
287.93	35
288.19	5
288.46	-26
288.72	-2
288.99	8
289.25	28
289.52	-10
289.79	23
290.05	11
290.32	0
290.58	3
290.85	15
291.11	-7
291.38	6
291.64	-10
291.91	11
292.18	-1
292.44	22
292.71	-21
292.97	2
293.24	6
293.5	-8
293.77	6
294.04	25
294.3	12
294.57	14
294.83	1
295.1	12
295.36	17
295.63	29
295.89	11
296.16	11
296.43	-12
296.69	-1
296.96	2
297.22	-7
297.49	18
297.75	-16
298.02	-5
298.28	13
298.55	-11
298.81	20
299.08	27
299.35	-3
299.61	-22
299.88	17
300.14	-13
300.41	6
300.67	15
300.94	24
301.2	11
301.47	10
301.73	14
302	-11
302.26	-8
302.53	10
302.79	8
303.06	13
303.33	35
303.59	13
303.86	0
304.12	-8
304.39	-14
304.65	-21
304.92	6
305.18	19
305.45	-13
305.71	11
305.98	6
306.24	4
306.51	-13
306.77	-2
307.04	12
307.3	24
307.57	14
307.83	-8
308.1	4
308.36	-4
308.63	1
308.89	33
309.16	7
309.43	5
309.69	4
309.96	-7
310.22	25
310.49	4
310.75	-13
311.02	-7
311.28	15
311.55	6
311.81	-3
312.08	-2
312.34	13
312.61	1
312.87	12
313.14	6
313.4	18
313.67	21
313.93	15
314.2	6
314.46	19
314.73	-29
314.99	-14
315.26	20
315.52	-18
315.79	11
316.05	-13
316.32	12
316.58	10
316.85	22
317.11	10
317.38	19
317.64	5
317.91	3
318.17	0
318.43	6
318.7	1
318.96	12
319.23	-5
319.49	25
319.76	-16
320.02	5
320.29	-17
320.55	15
320.82	10
321.08	12
321.35	-18
321.61	15
321.88	30
322.14	-40
322.41	2
322.67	21
322.94	-15
323.2	-9
323.47	22
323.73	-4
324	-5
324.26	-1
324.52	6
324.79	22
325.05	3
325.32	2
325.58	17
325.85	19
326.11	28
326.38	7
326.64	-1
326.91	-3
327.17	2
327.44	-9
327.7	-26
327.96	27
328.23	-6
328.49	-2
328.76	14
329.02	-16
329.29	12
329.55	-3
329.82	-10
330.08	25
330.35	-4
330.61	-10
330.87	-18
331.14	14
331.4	-4
331.67	2
331.93	-11
332.2	-26
332.46	2
332.73	16
332.99	17
333.25	-25
333.52	-3
333.78	22
334.05	12
334.31	-2
334.58	-6
334.84	3
335.11	11
335.37	-16
335.63	8
335.9	27
336.16	4
336.43	-9
336.69	5
336.96	2
337.22	17
337.48	28
337.75	-13
338.01	0
338.28	17
338.54	-18
338.81	-6
339.07	1
339.33	-3
339.6	-5
339.86	4
340.13	2
340.39	14
340.66	-8
340.92	5
341.18	20
341.45	17
341.71	8
341.98	12
342.24	6
342.51	1
342.77	26
343.03	11
343.3	-15
343.56	17
343.83	-6
344.09	26
344.35	-4
344.62	36
344.88	35
345.15	19
345.41	1
345.67	-4
345.94	-7
346.2	30
346.47	4
346.73	-13
346.99	41
347.26	16
347.52	25
347.79	31
348.05	18
348.31	28
348.58	23
348.84	6
349.11	11
349.37	20
349.63	16
349.9	18
350.16	19
350.43	36
350.69	-1
350.95	9
351.22	11
351.48	15
351.75	31
352.01	4
352.27	21
352.54	14
352.8	41
353.06	-8
353.33	19
353.59	9
353.86	17
354.12	4
354.38	12
354.65	2
354.91	44
355.18	-2
355.44	-9
355.7	1
355.97	43
356.23	35
356.49	10
356.76	26
357.02	7
357.29	21
357.55	21
357.81	13
358.08	2
358.34	34
358.6	12
358.87	21
359.13	1
359.39	18
359.66	27
359.92	18
360.19	12
360.45	1
360.71	10
360.98	5
361.24	-4
361.5	17
361.77	16
362.03	35
362.29	18
362.56	22
362.82	7
363.09	23
363.35	10
363.61	8
363.88	3
364.14	9
364.4	8
364.67	30
364.93	-16
365.19	12
365.46	19
365.72	-6
365.98	11
366.25	-2
366.51	21
366.77	13
367.04	9
367.3	14
367.56	35
367.83	11
368.09	19
368.35	26
368.62	30
368.88	22
369.14	15
369.41	17
369.67	-7
369.93	6
370.2	-3
370.46	11
370.72	-3
370.99	15
371.25	10
371.51	10
371.78	54
372.04	-4
372.3	5
372.57	-27
372.83	0
373.09	10
373.36	23
373.62	3
373.88	-31
374.15	42
374.41	28
374.67	1
374.94	-9
375.2	24
375.46	-7
375.73	-4
375.99	12
376.25	27
376.52	26
376.78	-10
377.04	15
377.31	22
377.57	4
377.83	15
378.09	2
378.36	23
378.62	27
378.88	-3
379.15	-9
379.41	-14
379.67	-9
379.94	13
380.2	3
380.46	6
380.73	-7
380.99	-12
381.25	13
381.51	-1
381.78	-11
382.04	-3
382.3	48
382.57	-4
382.83	12
383.09	-1
383.36	-2
383.62	-5
383.88	22
384.14	-6
384.41	18
384.67	-9
384.93	-2
385.2	24
385.46	2
385.72	19
385.98	13
386.25	2
386.51	8
386.77	31
387.04	22
387.3	8
387.56	3
387.82	18
388.09	24
388.35	9
388.61	13
388.88	-3
389.14	-7
389.4	6
389.66	4
389.93	22
390.19	10
390.45	9
390.71	-3
390.98	-10
391.24	14
391.5	-9
391.77	12
392.03	9
392.29	21
392.55	-4
392.82	-2
393.08	17
393.34	13
393.6	13
393.87	24
394.13	10
394.39	8
394.65	-8
394.92	25
395.18	16
395.44	-24
395.7	13
395.97	-4
396.23	15
396.49	16
396.75	10
397.02	6
397.28	2
397.54	-4
397.8	9
398.07	-7
398.33	-4
398.59	29
398.85	-4
399.12	29
399.38	-19
399.64	2
399.9	-11
400.17	15
400.43	21
400.69	-13
400.95	23
401.22	23
401.48	13
401.74	11
402	20
402.27	12
402.53	-16
402.79	-1
403.05	-4
403.32	-27
403.58	4
403.84	24
404.1	27
404.36	14
404.63	9
404.89	15
405.15	16
405.41	14
405.68	-1
405.94	7
406.2	24
406.46	16
406.73	10
406.99	-7
407.25	19
407.51	27
407.77	20
408.04	-3
408.3	10
408.56	3
408.82	-7
409.09	12
409.35	53
409.61	21
409.87	-7
410.13	22
410.4	23
410.66	15
410.92	41
411.18	28
411.44	5
411.71	-12
411.97	-19
412.23	11
412.49	0
412.75	0
413.02	-17
413.28	-12
413.54	26
413.8	-11
414.06	-6
414.33	21
414.59	38
414.85	14
415.11	26
415.37	13
415.64	27
415.9	-22
416.16	4
416.42	39
416.68	17
416.95	-17
417.21	-3
417.47	-8
417.73	17
417.99	7
418.26	-10
418.52	26
418.78	-15
419.04	28
419.3	32
419.57	16
419.83	-10
420.09	-7
420.35	-17
420.61	-6
420.87	13
421.14	2
421.4	18
421.66	11
421.92	-5
422.18	-1
422.45	4
422.71	-9
422.97	1
423.23	7
423.49	41
423.75	11
424.02	13
424.28	4
424.54	8
424.8	7
425.06	28
425.32	6
425.59	3
425.85	20
426.11	1
426.37	14
426.63	14
426.89	28
427.16	24
427.42	29
427.68	-5
427.94	-5
428.2	25
428.46	2
428.73	-5
428.99	-19
429.25	6
429.51	25
429.77	6
430.03	42
430.29	5
430.56	22
430.82	-1
431.08	14
431.34	-4
431.6	24
431.86	22
432.12	-26
432.39	2
432.65	21
432.91	-4
433.17	-4
433.43	21
433.69	2
433.95	0
434.22	16
434.48	5
434.74	-8
435	-3
435.26	29
435.52	-13
435.78	-2
436.05	13
436.31	8
436.57	-18
436.83	-5
437.09	3
437.35	12
437.61	-8
437.88	22
438.14	-13
438.4	-17
438.66	14
438.92	-7
439.18	19
439.44	34
439.7	15
439.97	-20
440.23	-28
440.49	23
440.75	-6
441.01	5
441.27	23
441.53	7
441.79	-3
442.05	16
442.32	-22
442.58	22
442.84	7
443.1	-19
443.36	-25
443.62	-13
443.88	-8
444.14	-3
444.4	-12
444.67	11
444.93	-26
445.19	5
445.45	-16
445.71	30
445.97	6
446.23	4
446.49	-9
446.75	7
447.02	-5
447.28	-2
447.54	8
447.8	21
448.06	-17
448.32	0
448.58	-4
448.84	19
449.1	-1
449.36	16
449.62	-12
449.89	28
450.15	10
450.41	0
450.67	-5
450.93	-9
451.19	19
451.45	3
451.71	2
451.97	-1
452.23	20
452.49	-5
452.76	16
453.02	15
453.28	2
453.54	14
453.8	31
454.06	-9
454.32	-12
454.58	-10
454.84	25
455.1	14
455.36	6
455.62	9
455.88	21
456.15	27
456.41	16
456.67	5
456.93	-8
457.19	-3
457.45	2
457.71	23
457.97	-16
458.23	3
458.49	18
458.75	18
459.01	-23
459.27	30
459.53	17
459.79	-8
460.06	9
460.32	-1
460.58	16
460.84	10
461.1	-3
461.36	22
461.62	-8
461.88	11
462.14	18
462.4	-5
462.66	15
462.92	22
463.18	-23
463.44	22
463.7	-12
463.96	4
464.22	-14
464.48	1
464.74	-2
465.01	8
465.27	5
465.53	2
465.79	-10
466.05	35
466.31	10
466.57	30
466.83	9
467.09	-3
467.35	23
467.61	-9
467.87	1
468.13	24
468.39	13
468.65	0
468.91	16
469.17	-2
469.43	22
469.69	-10
469.95	-1
470.21	3
470.47	-7
470.73	-32
470.99	-12
471.25	30
471.51	9
471.77	0
472.03	15
472.29	8
472.56	1
472.82	-4
473.08	-1
473.34	12
473.6	24
473.86	1
474.12	6
474.38	6
474.64	-3
474.9	15
475.16	-7
475.42	5
475.68	-20
475.94	33
476.2	-9
476.46	6
476.72	15
476.98	11
477.24	7
477.5	-9
477.76	20
478.02	3
478.28	3
478.54	-2
478.8	-8
479.06	1
479.32	-8
479.58	30
479.84	9
480.1	-8
480.36	18
480.62	8
480.88	9
481.14	2
481.4	-8
481.66	13
481.92	13
482.18	14
482.44	13
482.7	-12
482.96	5
483.22	21
483.48	-28
483.74	15
484	0
484.26	-7
484.52	17
484.78	5
485.04	12
485.3	-8
485.56	13
485.82	7
486.08	1
486.34	29
486.59	4
486.85	2
487.11	15
487.37	27
487.63	-2
487.89	11
488.15	18
488.41	-40
488.67	-3
488.93	13
489.19	-13
489.45	14
489.71	-7
489.97	-4
490.23	10
490.49	-6
490.75	10
491.01	6
491.27	-6
491.53	5
491.79	5
492.05	10
492.31	-5
492.57	22
492.83	9
493.09	-25
493.35	-7
493.61	2
493.87	17
494.12	28
494.38	20
494.64	16
494.9	22
495.16	-22
495.42	2
495.68	12
495.94	-15
496.2	7
496.46	16
496.72	24
496.98	7
497.24	-5
497.5	30
497.76	33
498.02	20
498.28	-1
498.54	0
498.8	-10
499.05	3
499.31	11
499.57	10
499.83	-1
500.09	4
500.35	25
500.61	8
500.87	0
501.13	9
501.39	-1
501.65	-6
501.91	-11
502.17	-4
502.43	31
502.69	-22
502.94	-5
503.2	4
503.46	-8
503.72	23
503.98	18
504.24	-10
504.5	26
504.76	20
505.02	10
505.28	8
505.54	-13
505.8	-14
506.06	16
506.31	20
506.57	0
506.83	-10
507.09	13
507.35	1
507.61	2
507.87	-6
508.13	-11
508.39	14
508.65	16
508.91	18
509.16	27
509.42	8
509.68	9
509.94	20
510.2	12
510.46	18
510.72	18
510.98	-3
511.24	-6
511.5	19
511.75	-6
512.01	21
512.27	33
512.53	37
512.79	1
513.05	-5
513.31	15
513.57	10
513.83	23
514.09	18
514.34	10
514.6	16
514.86	2
515.12	16
515.38	4
515.64	10
515.9	26
516.16	-12
516.42	-19
516.67	17
516.93	6
517.19	8
517.45	-14
517.71	22
517.97	-11
518.23	15
518.49	-2
518.74	-7
519	4
519.26	16
519.52	-5
519.78	4
520.04	18
520.3	10
520.56	1
520.81	16
521.07	-5
521.33	-5
521.59	1
521.85	-5
522.11	-5
522.37	10
522.62	24
522.88	8
523.14	33
523.4	-19
523.66	-6
523.92	6
524.18	4
524.44	15
524.69	21
524.95	0
525.21	2
525.47	25
525.73	2
525.99	-10
526.24	33
526.5	3
526.76	21
527.02	18
527.28	16
527.54	0
527.8	-36
528.05	19
528.31	11
528.57	11
528.83	10
529.09	0
529.35	32
529.61	11
529.86	14
530.12	13
530.38	2
530.64	-1
530.9	5
531.16	7
531.41	-5
531.67	13
531.93	13
532.19	22
532.45	3
532.71	14
532.96	-23
533.22	5
533.48	11
533.74	18
534	46
534.26	6
534.51	14
534.77	21
535.03	-1
535.29	3
535.55	-10
535.8	18
536.06	17
536.32	-19
536.58	1
536.84	11
537.1	40
537.35	-4
537.61	22
537.87	5
538.13	7
538.39	16
538.64	42
538.9	4
539.16	14
539.42	5
539.68	1
539.94	5
540.19	8
540.45	22
540.71	24
540.97	1
541.23	1
541.48	29
541.74	11
542	-1
542.26	5
542.52	8
542.77	28
543.03	19
543.29	3
543.55	11
543.81	4
544.06	5
544.32	-10
544.58	-8
544.84	20
545.1	20
545.35	1
545.61	38
545.87	12
546.13	-19
546.38	5
546.64	14
546.9	9
547.16	11
547.42	-23
547.67	22
547.93	21
548.19	1
548.45	13
548.71	1
548.96	20
549.22	-1
549.48	-12
549.74	-18
549.99	7
550.25	-6
550.51	19
550.77	16
551.03	29
551.28	17
551.54	1
551.8	7
552.06	21
552.31	-4
552.57	22
552.83	25
553.09	-9
553.34	0
553.6	20
553.86	11
554.12	3
554.37	-17
554.63	4
554.89	-6
555.15	-32
555.41	11
555.66	2
555.92	12
556.18	32
556.44	5
556.69	13
556.95	-5
557.21	12
557.47	4
557.72	-5
557.98	14
558.24	20
558.5	15
558.75	-17
559.01	18
559.27	7
559.53	6
559.78	23
560.04	23
560.3	31
560.56	16
560.81	1
561.07	3
561.33	-22
561.58	5
561.84	15
562.1	2
562.36	20
562.61	-4
562.87	1
563.13	20
563.39	11
563.64	0
563.9	-14
564.16	16
564.42	-4
564.67	-7
564.93	-21
565.19	9
565.44	0
565.7	15
565.96	3
566.22	-5
566.47	16
566.73	-6
566.99	35
567.25	6
567.5	5
567.76	11
568.02	-8
568.27	13
568.53	15
568.79	2
569.05	8
569.3	5
569.56	14
569.82	5
570.07	-2
570.33	-24
570.59	26
570.85	-5
571.1	-12
571.36	14
571.62	5
571.87	-1
572.13	15
572.39	-7
572.64	16
572.9	20
573.16	-11
573.42	-14
573.67	6
573.93	13
574.19	-6
574.44	41
574.7	-15
574.96	-9
575.21	14
575.47	21
575.73	10
575.99	29
576.24	3
576.5	5
576.76	3
577.01	40
577.27	17
577.53	-4
577.78	23
578.04	-5
578.3	13
578.55	15
578.81	19
579.07	21
579.32	-1
579.58	13
579.84	1
580.1	1
580.35	-6
580.61	29
580.87	27
581.12	14
581.38	-3
581.64	26
581.89	-4
582.15	6
582.41	-1
582.66	-16
582.92	20
583.18	9
583.43	1
583.69	9
583.95	7
584.2	-2
584.46	-11
584.72	-2
584.97	26
585.23	26
585.49	-19
585.74	19
586	17
586.26	-4
586.51	-8
586.77	13
587.03	-6
587.28	-10
587.54	-3
587.8	11
588.05	18
588.31	8
588.56	-3
588.82	26
589.08	-6
589.33	17
589.59	-16
589.85	35
590.1	4
590.36	-7
590.62	25
590.87	-7
591.13	9
591.39	20
591.64	49
591.9	2
592.16	15
592.41	16
592.67	22
592.92	19
593.18	28
593.44	1
593.69	17
593.95	34
594.21	10
594.46	14
594.72	4
594.97	11
595.23	-2
595.49	6
595.74	-23
596	0
596.26	15
596.51	7
596.77	12
597.03	10
597.28	0
597.54	-6
597.79	7
598.05	-15
598.31	24
598.56	-4
598.82	24
599.07	35
599.33	15
599.59	16
599.84	-6
600.1	-9
600.36	3
600.61	-1
600.87	-2
601.12	15
601.38	-17
601.64	-1
601.89	-3
602.15	-4
602.4	0
602.66	9
602.92	22
603.17	-17
603.43	18
603.68	-12
603.94	-5
604.2	-12
604.45	28
604.71	-2
604.96	0
605.22	25
605.48	-14
605.73	18
605.99	0
606.24	-20
606.5	13
606.76	4
607.01	32
607.27	16
607.52	1
607.78	-19
608.04	-24
608.29	13
608.55	-4
608.8	-16
609.06	21
609.31	-27
609.57	19
609.83	13
610.08	9
610.34	1
610.59	9
610.85	-4
611.11	12
611.36	19
611.62	16
611.87	-13
612.13	2
612.38	13
612.64	4
612.9	2
613.15	0
613.41	-24
613.66	2
613.92	-10
614.17	5
614.43	2
614.69	-6
614.94	4
615.2	4
615.45	31
615.71	-3
615.96	21
616.22	11
616.47	6
616.73	8
616.99	20
617.24	17
617.5	12
617.75	18
618.01	4
618.26	9
618.52	7
618.77	-8
619.03	-7
619.29	-22
619.54	-2
619.8	7
620.05	-8
620.31	19
620.56	18
620.82	-16
621.07	19
621.33	-1
621.58	2
621.84	-5
622.1	4
622.35	6
622.61	-8
622.86	14
623.12	11
623.37	28
623.63	9
623.88	33
624.14	7
624.39	-29
624.65	-13
624.9	31
625.16	12
625.41	15
625.67	17
625.93	19
626.18	16
626.44	18
626.69	4
626.95	10
627.2	11
627.46	12
627.71	16
627.97	-2
628.22	15
628.48	20
628.73	-14
628.99	19
629.24	-19
629.5	-4
629.75	14
630.01	11
630.26	28
630.52	11
630.77	7
631.03	39
631.28	24
631.54	-1
631.79	-25
632.05	-29
632.3	-21
632.56	18
632.81	13
633.07	8
633.32	-19
633.58	-6
633.83	30
634.09	16
634.34	7
634.6	6
634.85	-21
635.11	19
635.36	6
635.62	-9
635.87	-23
636.13	37
636.38	-7
636.64	-7
636.89	-9
637.15	6
637.4	0
637.66	19
637.91	-2
638.17	26
638.42	22
638.68	-1
638.93	-16
639.19	29
639.44	5
639.7	11
639.95	14
640.21	18
640.46	7
640.72	13
640.97	4
641.23	-5
641.48	14
641.74	19
641.99	-6
642.25	2
642.5	2
642.76	1
643.01	19
643.26	-6
643.52	1
643.77	37
644.03	-10
644.28	2
644.54	-6
644.79	-9
645.05	24
645.3	22
645.56	-5
645.81	35
646.07	5
646.32	17
646.58	26
646.83	24
647.08	29
647.34	7
647.59	22
647.85	8
648.1	18
648.36	9
648.61	7
648.87	3
649.12	9
649.37	9
649.63	14
649.88	-9
650.14	40
650.39	-9
650.65	-3
650.9	-18
651.16	-9
651.41	-27
651.67	-15
651.92	7
652.17	5
652.43	-4
652.68	7
652.94	44
653.19	-4
653.45	-15
653.7	0
653.95	11
654.21	0
654.46	-23
654.72	23
654.97	21
655.23	7
655.48	2
655.73	-7
655.99	10
656.24	21
656.5	-4
656.75	-2
657.01	-2
657.26	15
657.51	-6
657.77	7
658.02	9
658.28	20
658.53	-13
658.79	12
659.04	24
659.29	-11
659.55	-3
659.8	15
660.06	21
660.31	10
660.56	1
660.82	19
661.07	43
661.33	19
661.58	-1
661.83	21
662.09	-14
662.34	-28
662.6	34
662.85	-6
663.11	8
663.36	20
663.61	-8
663.87	26
664.12	11
664.38	-16
664.63	-7
664.88	12
665.14	6
665.39	0
665.65	23
665.9	28
666.15	25
666.41	23
666.66	13
666.91	-19
667.17	19
667.42	12
667.68	5
667.93	39
668.18	15
668.44	-5
668.69	-6
668.95	6
669.2	-2
669.45	3
669.71	20
669.96	27
670.21	-6
670.47	-1
670.72	-14
670.98	-17
671.23	22
671.48	-9
671.74	32
671.99	18
672.24	-15
672.5	-7
672.75	21
673.01	16
673.26	31
673.51	-2
673.77	27
674.02	8
674.27	1
674.53	13
674.78	13
675.04	-7
675.29	20
675.54	11
675.8	5
676.05	29
676.3	24
676.56	16
676.81	10
677.06	-1
677.32	1
677.57	29
677.82	27
678.08	9
678.33	5
678.59	2
678.84	-7
679.09	24
679.35	12
679.6	-24
679.85	-2
680.11	9
680.36	14
680.61	22
680.87	20
681.12	-17
681.37	15
681.63	15
681.88	30
682.13	1
682.39	-1
682.64	20
682.89	5
683.15	5
683.4	3
683.65	31
683.91	18
684.16	-5
684.41	18
684.67	21
684.92	5
685.17	5
685.43	0
685.68	2
685.93	3
686.19	4
686.44	6
686.69	10
686.95	16
687.2	16
687.45	19
687.71	38
687.96	-5
688.21	5
688.47	0
688.72	13
688.97	2
689.22	7
689.48	17
689.73	-18
689.98	12
690.24	-15
690.49	-13
690.74	-35
691	6
691.25	0
691.5	9
691.76	27
692.01	10
692.26	-2
692.51	-28
692.77	18
693.02	31
693.27	9
693.53	-12
693.78	0
694.03	-3
694.29	2
694.54	17
694.79	4
695.04	17
695.3	4
695.55	20
695.8	15
696.06	-5
696.31	-2
696.56	16
696.82	-6
697.07	9
697.32	30
697.57	-15
697.83	-2
698.08	6
698.33	-8
698.59	11
698.84	27
699.09	-8
699.34	24
699.6	0
699.85	-1
700.1	19
700.35	13
700.61	-14
700.86	11
701.11	11
701.37	12
701.62	-11
701.87	4
702.12	20
702.38	-5
702.63	0
702.88	-1
703.13	0
703.39	-10
703.64	6
703.89	7
704.15	-23
704.4	-8
704.65	-19
704.9	-2
705.16	-22
705.41	15
705.66	27
705.91	-19
706.17	0
706.42	15
706.67	15
706.92	30
707.18	-19
707.43	-12
707.68	4
707.93	2
708.19	19
708.44	6
708.69	15
708.94	-1
709.2	5
709.45	-3
709.7	16
709.95	38
710.21	7
710.46	38
710.71	6
710.96	23
711.22	11
711.47	-4
711.72	-16
711.97	9
712.22	-2
712.48	-10
712.73	1
712.98	-28
713.23	-5
713.49	10
713.74	2
713.99	24
714.24	18
714.5	-15
714.75	6
715	-10
715.25	1
715.5	-1
715.76	11
716.01	-12
716.26	0
716.51	4
716.77	22
717.02	-10
717.27	1
717.52	22
717.77	-6
718.03	-3
718.28	-13
718.53	3
718.78	-20
719.04	13
719.29	33
719.54	3
719.79	-4
720.04	21
720.3	-4
720.55	10
720.8	-18
721.05	-28
721.3	2
721.56	-4
721.81	10
722.06	34
722.31	24
722.56	-2
722.82	21
723.07	25
723.32	6
723.57	-15
723.82	36
724.08	-12
724.33	-3
724.58	23
724.83	15
725.08	2
725.34	18
725.59	-5
725.84	5
726.09	8
726.34	5
726.59	11
726.85	19
727.1	22
727.35	-7
727.6	20
727.85	-8
728.11	9
728.36	1
728.61	10
728.86	5
729.11	-6
729.36	-2
729.62	-5
729.87	-10
730.12	11
730.37	-17
730.62	-15
730.88	23
731.13	22
731.38	-15
731.63	20
731.88	19
732.13	7
732.39	-22
732.64	6
732.89	32
733.14	-3
733.39	-7
733.64	3
733.9	15
734.15	16
734.4	27
734.65	-3
734.9	28
735.15	0
735.4	19
735.66	11
735.91	1
736.16	1
736.41	-16
736.66	9
736.91	4
737.17	-30
737.42	1
737.67	-7
737.92	12
738.17	13
738.42	6
738.67	22
738.93	-24
739.18	19
739.43	-3
739.68	14
739.93	-20
740.18	-25
740.43	25
740.69	5
740.94	0
741.19	-7
741.44	0
741.69	-12
741.94	-9
742.19	-11
742.44	42
742.7	-11
742.95	13
743.2	9
743.45	-30
743.7	14
743.95	3
744.2	3
744.45	7
744.71	-8
744.96	25
745.21	3
745.46	1
745.71	0
745.96	16
746.21	18
746.46	5
746.72	7
746.97	30
747.22	7
747.47	-10
747.72	-4
747.97	8
748.22	-13
748.47	1
748.72	18
748.98	22
749.23	2
749.48	14
749.73	15
749.98	26
750.23	10
750.48	1
750.73	-9
750.98	0
751.23	-15
751.49	-12
751.74	-1
751.99	27
752.24	25
752.49	19
752.74	9
752.99	10
753.24	17
753.49	2
753.74	-16
754	3
754.25	7
754.5	24
754.75	29
755	4
755.25	10
755.5	9
755.75	4
756	9
756.25	-2
756.5	12
756.75	22
757.01	-10
757.26	16
757.51	10
757.76	29
758.01	-6
758.26	2
758.51	19
758.76	14
759.01	22
759.26	26
759.51	-2
759.76	27
760.01	15
760.26	1
760.52	6
760.77	13
761.02	-4
761.27	8
761.52	17
761.77	-14
762.02	14
762.27	-6
762.52	-9
762.77	16
763.02	14
763.27	17
763.52	-2
763.77	19
764.02	10
764.27	20
764.53	16
764.78	-33
765.03	-1
765.28	-9
765.53	10
765.78	0
766.03	-17
766.28	15
766.53	-23
766.78	-46
767.03	-16
767.28	1
767.53	28
767.78	-6
768.03	-1
768.28	35
768.53	-4
768.78	-4
769.03	-4
769.28	-4
769.53	22
769.78	10
770.03	34
770.28	-3
770.54	33
770.79	3
771.04	15
771.29	10
771.54	-10
771.79	32
772.04	20
772.29	3
772.54	30
772.79	11
773.04	29
773.29	33
773.54	16
773.79	31
774.04	1
774.29	8
774.54	20
774.79	-4
775.04	-9
775.29	8
775.54	-7
775.79	19
776.04	-9
776.29	30
776.54	14
776.79	17
777.04	11
777.29	9
777.54	4
777.79	3
778.04	19
778.29	0
778.54	-3
778.79	20
779.04	-5
779.29	32
779.54	34
779.79	8
780.04	18
780.29	7
780.54	32
780.79	13
781.04	19
781.29	3
781.54	6
781.79	11
782.04	-14
782.29	4
782.54	19
782.79	-3
783.04	16
783.29	9
783.54	9
783.79	-8
784.04	30
784.29	26
784.54	11
784.79	28
785.04	-6
785.29	27
785.54	26
785.79	33
786.04	19
786.29	15
786.54	4
786.79	19
787.04	4
787.29	2
787.54	6
787.79	18
788.04	8
788.29	7
788.53	-19
788.78	10
789.03	26
789.28	-7
789.53	29
789.78	16
790.03	13
790.28	14
790.53	7
790.78	11
791.03	-12
791.28	-20
791.53	25
791.78	1
792.03	6
792.28	9
792.53	9
792.78	31
793.03	-16
793.28	9
793.53	6
793.78	-1
794.03	21
794.27	5
794.52	2
794.77	-5
795.02	15
795.27	12
795.52	0
795.77	12
796.02	-19
796.27	-3
796.52	7
796.77	7
797.02	-7
797.27	8
797.52	32
797.77	18
798.02	7
798.27	8
798.51	28
798.76	-17
799.01	5
799.26	9
799.51	11
799.76	28
800.01	19
800.26	25
800.51	28
800.76	-2
801.01	21
801.26	24
801.51	28
801.76	5
802	42
802.25	12
802.5	11
802.75	2
803	11
803.25	-17
803.5	12
803.75	18
804	8
804.25	16
804.5	-9
804.74	13
804.99	-11
805.24	21
805.49	12
805.74	-2
805.99	23
806.24	-14
806.49	30
806.74	5
806.99	20
807.24	22
807.48	21
807.73	-10
807.98	46
808.23	12
808.48	20
808.73	32
808.98	8
809.23	2
809.48	25
809.72	-14
809.97	-9
810.22	10
810.47	19
810.72	37
810.97	6
811.22	-15
811.47	18
811.72	30
811.96	8
812.21	30
812.46	33
812.71	0
812.96	6
813.21	11
813.46	14
813.71	26
813.96	0
814.2	4
814.45	27
814.7	4
814.95	-4
815.2	21
815.45	10
815.7	11
815.95	17
816.19	9
816.44	-3
816.69	24
816.94	3
817.19	20
817.44	18
817.69	17
817.93	11
818.18	-10
818.43	36
818.68	7
818.93	6
819.18	35
819.43	45
819.67	3
819.92	27
820.17	15
820.42	43
820.67	16
820.92	25
821.17	6
821.41	36
821.66	7
821.91	20
822.16	2
822.41	31
822.66	8
822.9	27
823.15	9
823.4	3
823.65	1
823.9	16
824.15	17
824.4	18
824.64	-4
824.89	7
825.14	10
825.39	43
825.64	-17
825.89	28
826.13	15
826.38	18
826.63	10
826.88	9
827.13	1
827.38	-13
827.62	-10
827.87	0
828.12	8
828.37	-3
828.62	16
828.86	7
829.11	15
829.36	37
829.61	23
829.86	5
830.11	29
830.35	14
830.6	14
830.85	17
831.1	-6
831.35	41
831.59	11
831.84	19
832.09	2
832.34	10
832.59	20
832.84	0
833.08	7
833.33	-10
833.58	4
833.83	21
834.08	32
834.32	35
834.57	17
834.82	9
835.07	12
835.32	4
835.56	-8
835.81	0
836.06	17
836.31	-4
836.56	6
836.8	26
837.05	22
837.3	5
837.55	35
837.8	17
838.04	40
838.29	-7
838.54	15
838.79	6
839.03	8
839.28	-9
839.53	42
839.78	-1
840.03	12
840.27	29
840.52	54
840.77	18
841.02	21
841.26	1
841.51	1
841.76	33
842.01	16
842.26	27
842.5	21
842.75	-2
843	19
843.25	-5
843.49	21
843.74	20
843.99	19
844.24	16
844.48	21
844.73	35
844.98	15
845.23	15
845.48	8
845.72	23
845.97	-6
846.22	22
846.47	25
846.71	-1
846.96	28
847.21	16
847.46	5
847.7	-7
847.95	19
848.2	1
848.45	8
848.69	25
848.94	14
849.19	43
849.44	32
849.68	23
849.93	26
850.18	22
850.43	13
850.67	39
850.92	8
851.17	41
851.42	37
851.66	27
851.91	34
852.16	13
852.41	16
852.65	14
852.9	13
853.15	9
853.39	30
853.64	-9
853.89	0
854.14	-2
854.38	36
854.63	-6
854.88	4
855.13	16
855.37	22
855.62	20
855.87	18
856.11	9
856.36	8
856.61	34
856.86	-7
857.1	31
857.35	33
857.6	11
857.85	15
858.09	9
858.34	12
858.59	32
858.83	13
859.08	2
859.33	7
859.58	37
859.82	6
860.07	13
860.32	32
860.56	41
860.81	17
861.06	22
861.3	23
861.55	22
861.8	-2
862.05	6
862.29	29
862.54	22
862.79	19
863.03	5
863.28	4
863.53	-17
863.77	10
864.02	15
864.27	28
864.52	47
864.76	12
865.01	19
865.26	4
865.5	11
865.75	15
866	32
866.24	30
866.49	0
866.74	9
866.98	21
867.23	26
867.48	30
867.72	17
867.97	-23
868.22	17
868.46	16
868.71	28
868.96	-3
869.21	3
869.45	-4
869.7	36
869.95	15
870.19	-5
870.44	41
870.69	33
870.93	4
871.18	10
871.43	-7
871.67	10
871.92	20
872.17	15
872.41	27
872.66	13
872.91	19
873.15	0
873.4	20
873.64	6
873.89	18
874.14	-5
874.38	-2
874.63	25
874.88	5
875.12	15
875.37	13
875.62	15
875.86	9
876.11	43
876.36	3
876.6	26
876.85	15
877.1	-11
877.34	18
877.59	-18
877.84	-5
878.08	28
878.33	-8
878.57	4
878.82	10
879.07	1
879.31	21
879.56	3
879.81	6
880.05	12
880.3	10
880.55	-19
880.79	12
881.04	-4
881.28	34
881.53	20
881.78	46
882.02	8
882.27	-11
882.52	15
882.76	18
883.01	20
883.25	36
883.5	-2
883.75	23
883.99	-36
884.24	-1
884.49	9
884.73	21
884.98	24
885.22	24
885.47	15
885.72	15
885.96	19
886.21	6
886.45	29
886.7	19
886.95	23
887.19	17
887.44	-7
887.69	18
887.93	11
888.18	22
888.42	33
888.67	1
888.92	4
889.16	-8
889.41	17
889.65	15
889.9	1
890.15	14
890.39	30
890.64	-1
890.88	35
891.13	29
891.38	20
891.62	13
891.87	38
892.11	-2
892.36	5
892.6	16
892.85	27
893.1	20
893.34	34
893.59	7
893.83	-17
894.08	-19
894.33	13
894.57	-7
894.82	8
895.06	-22
895.31	15
895.55	-16
895.8	9
896.05	2
896.29	18
896.54	22
896.78	2
897.03	9
897.27	-3
897.52	21
897.77	25
898.01	10
898.26	-7
898.5	23
898.75	13
898.99	-12
899.24	15
899.49	30
899.73	27
899.98	9
900.22	6
900.47	-20
900.71	-6
900.96	-5
901.2	0
901.45	3
901.7	16
901.94	23
902.19	28
902.43	23
902.68	2
902.92	0
903.17	-4
903.41	22
903.66	-12
903.91	15
904.15	8
904.4	19
904.64	7
904.89	-29
905.13	20
905.38	-6
905.62	-14
905.87	13
906.11	-15
906.36	-14
906.6	22
906.85	14
907.1	-26
907.34	33
907.59	47
907.83	25
908.08	-13
908.32	9
908.57	9
908.81	-6
909.06	57
909.3	10
909.55	12
909.79	-10
910.04	28
910.28	20
910.53	1
910.77	20
911.02	21
911.26	9
911.51	18
911.75	5
912	23
912.25	-7
912.49	21
912.74	15
912.98	34
913.23	-7
913.47	11
913.72	3
913.96	6
914.21	11
914.45	13
914.7	0
914.94	22
915.19	-7
915.43	29
915.68	8
915.92	-10
916.17	20
916.41	8
916.66	10
916.9	27
917.15	1
917.39	-8
917.64	5
917.88	42
918.13	15
918.37	7
918.62	6
918.86	19
919.11	-21
919.35	-5
919.6	8
919.84	15
920.08	6
920.33	0
920.57	0
920.82	26
921.06	7
921.31	-14
921.55	2
921.8	12
922.04	2
922.29	-3
922.53	34
922.78	28
923.02	24
923.27	13
923.51	9
923.76	5
924	-1
924.25	23
924.49	16
924.74	3
924.98	7
925.22	24
925.47	10
925.71	40
925.96	12
926.2	-8
926.45	26
926.69	0
926.94	1
927.18	27
927.43	16
927.67	24
927.92	31
928.16	6
928.4	-6
928.65	-21
928.89	11
929.14	-6
929.38	-3
929.63	4
929.87	-13
930.12	14
930.36	19
930.6	45
930.85	26
931.09	29
931.34	-12
931.58	-2
931.83	0
932.07	-8
932.32	5
932.56	9
932.8	-18
933.05	1
933.29	-7
933.54	-15
933.78	-23
934.03	17
934.27	23
934.51	15
934.76	-15
935	6
935.25	23
935.49	-6
935.74	16
935.98	31
936.22	4
936.47	-12
936.71	24
936.96	-10
937.2	27
937.45	28
937.69	1
937.93	11
938.18	-1
938.42	9
938.67	20
938.91	12
939.15	-1
939.4	23
939.64	-9
939.89	5
940.13	21
940.38	-2
940.62	20
940.86	8
941.11	17
941.35	22
941.6	27
941.84	-10
942.08	0
942.33	18
942.57	13
942.82	2
943.06	22
943.3	-17
943.55	31
943.79	11
944.04	7
944.28	-7
944.52	28
944.77	19
945.01	3
945.25	13
945.5	-7
945.74	-5
945.99	5
946.23	13
946.47	30
946.72	30
946.96	12
947.21	-6
947.45	10
947.69	33
947.94	-1
948.18	31
948.42	8
948.67	-15
948.91	1
949.16	-7
949.4	13
949.64	-6
949.89	15
950.13	12
950.37	18
950.62	9
950.86	12
951.11	30
951.35	16
951.59	7
951.84	11
952.08	9
952.32	-7
952.57	40
952.81	3
953.05	8
953.3	-1
953.54	8
953.78	3
954.03	25
954.27	9
954.52	20
954.76	-3
955	-3
955.25	-1
955.49	42
955.73	10
955.98	2
956.22	43
956.46	-11
956.71	-8
956.95	6
957.19	-8
957.44	-2
957.68	1
957.92	18
958.17	11
958.41	-12
958.65	20
958.9	18
959.14	-4
959.38	-1
959.63	0
959.87	-7
960.11	31
960.36	27
960.6	6
960.84	10
961.09	-8
961.33	19
961.57	17
961.82	11
962.06	13
962.3	26
962.55	-18
962.79	8
963.03	27
963.28	-7
963.52	16
963.76	20
964.01	8
964.25	14
964.49	-5
964.74	0
964.98	-25
965.22	42
965.47	0
965.71	27
965.95	-17
966.19	28
966.44	2
966.68	-3
966.92	5
967.17	6
967.41	24
967.65	20
967.9	2
968.14	34
968.38	32
968.62	16
968.87	19
969.11	8
969.35	22
969.6	2
969.84	25
970.08	-8
970.33	-6
970.57	5
970.81	26
971.05	-3
971.3	3
971.54	-12
971.78	19
972.03	12
972.27	1
972.51	13
972.75	6
973	9
973.24	29
973.48	6
973.73	10
973.97	13
974.21	10
974.45	7
974.7	-7
974.94	4
975.18	-2
975.42	0
975.67	8
975.91	6
976.15	16
976.4	12
976.64	-12
976.88	39
977.12	10
977.37	1
977.61	10
977.85	9
978.09	39
978.34	2
978.58	-17
978.82	13
979.06	23
979.31	-3
979.55	22
979.79	28
980.03	5
980.28	-6
980.52	9
980.76	30
981	12
981.25	6
981.49	25
981.73	9
981.97	23
982.22	-1
982.46	15
982.7	-5
982.94	13
983.19	15
983.43	14
983.67	-5
983.91	30
984.16	6
984.4	-3
984.64	25
984.88	22
985.13	31
985.37	1
985.61	8
985.85	10
986.1	-10
986.34	34
986.58	12
986.82	35
987.06	17
987.31	25
987.55	25
987.79	21
988.03	-1
988.28	18
988.52	13
988.76	-7
989	54
989.24	-6
989.49	-6
989.73	11
989.97	10
990.21	19
990.46	-21
990.7	1
990.94	6
991.18	-6
991.42	40
991.67	7
991.91	4
992.15	37
992.39	15
992.63	0
992.88	14
993.12	28
993.36	-21
993.6	-1
993.84	11
994.09	5
994.33	-1
994.57	37
994.81	4
995.05	-5
995.3	38
995.54	-6
995.78	-10
996.02	19
996.26	8
996.51	23
996.75	23
996.99	24
997.23	14
997.47	4
997.72	-4
997.96	2
998.2	16
998.44	-8
998.68	29
998.92	7
999.17	13
999.41	21
999.65	38
999.89	-13
1000.13	37
1000.38	5
1000.62	12
1000.86	2
1001.1	2
1001.34	17
1001.58	29
1001.83	-2
1002.07	5
1002.31	16
1002.55	11
1002.79	4
1003.03	-22
1003.28	16
1003.52	19
1003.76	-9
1004	28
1004.24	22
1004.48	9
1004.73	25
1004.97	14
1005.21	-31
1005.45	22
1005.69	53
1005.93	9
1006.17	43
1006.42	17
1006.66	-11
1006.9	21
1007.14	10
1007.38	5
1007.62	1
1007.87	22
1008.11	8
1008.35	19
1008.59	21
1008.83	-8
1009.07	31
1009.31	10
1009.56	19
1009.8	-2
1010.04	27
1010.28	31
1010.52	18
1010.76	23
1011	14
1011.24	17
1011.49	27
1011.73	22
1011.97	7
1012.21	16
1012.45	12
1012.69	38
1012.93	14
1013.18	14
1013.42	12
1013.66	-14
1013.9	20
1014.14	27
1014.38	29
1014.62	5
1014.86	11
1015.1	3
1015.35	18
1015.59	31
1015.83	20
1016.07	20
1016.31	20
1016.55	28
1016.79	25
1017.03	19
1017.28	12
1017.52	13
1017.76	34
1018	18
1018.24	20
1018.48	46
1018.72	20
1018.96	29
1019.2	46
1019.44	16
1019.69	9
1019.93	45
1020.17	23
1020.41	7
1020.65	38
1020.89	32
1021.13	41
1021.37	35
1021.61	33
1021.85	-1
1022.1	30
1022.34	17
1022.58	14
1022.82	7
1023.06	45
1023.3	43
1023.54	21
1023.78	56
1024.02	23
1024.26	46
1024.5	11
1024.74	30
1024.99	19
1025.23	41
1025.47	29
1025.71	44
1025.95	13
1026.19	58
1026.43	14
1026.67	38
1026.91	19
1027.15	45
1027.39	28
1027.63	45
1027.87	18
1028.11	63
1028.36	12
1028.6	69
1028.84	28
1029.08	25
1029.32	18
1029.56	52
1029.8	34
1030.04	43
1030.28	35
1030.52	25
1030.76	37
1031	29
1031.24	43
1031.48	52
1031.72	43
1031.96	58
1032.2	66
1032.44	61
1032.69	36
1032.93	59
1033.17	85
1033.41	68
1033.65	51
1033.89	64
1034.13	83
1034.37	60
1034.61	62
1034.85	53
1035.09	87
1035.33	67
1035.57	84
1035.81	111
1036.05	76
1036.29	109
1036.53	101
1036.77	97
1037.01	119
1037.25	133
1037.49	115
1037.73	145
1037.97	122
1038.21	115
1038.45	164
1038.69	152
1038.93	151
1039.17	163
1039.42	166
1039.66	174
1039.9	189
1040.14	207
1040.38	190
1040.62	232
1040.86	263
1041.1	252
1041.34	306
1041.58	297
1041.82	295
1042.06	298
1042.3	340
1042.54	372
1042.78	368
1043.02	389
1043.26	419
1043.5	462
1043.74	494
1043.98	519
1044.22	547
1044.46	602
1044.7	627
1044.94	655
1045.18	691
1045.42	732
1045.66	808
1045.9	815
1046.14	923
1046.38	952
1046.62	984
1046.86	1076
1047.1	1155
1047.34	1229
1047.58	1302
1047.82	1443
1048.06	1552
1048.3	1637
1048.54	1777
1048.78	1873
1049.02	1988
1049.26	2234
1049.5	2343
1049.74	2510
1049.98	2696
1050.21	3007
1050.45	3148
1050.69	3392
1050.93	3610
1051.17	3943
1051.41	4149
1051.65	4488
1051.89	4641
1052.13	5017
1052.37	5316
1052.61	5689
1052.85	6005
1053.09	6514
1053.33	6779
1053.57	7243
1053.81	7633
1054.05	8121
1054.29	8463
1054.53	8774
1054.77	9249
1055.01	9690
1055.25	10115
1055.49	10601
1055.73	10967
1055.97	11611
1056.21	11767
1056.45	11938
1056.69	12090
1056.92	12119
1057.16	12070
1057.4	11983
1057.64	12250
1057.88	12290
1058.12	12183
1058.36	11859
1058.6	11937
1058.84	11672
1059.08	11480
1059.32	11037
1059.56	10616
1059.8	10445
1060.04	9754
1060.28	9284
1060.52	9049
1060.76	8706
1061	8319
1061.23	7757
1061.47	7361
1061.71	6775
1061.95	6530
1062.19	6063
1062.43	5693
1062.67	5182
1062.91	4774
1063.15	4394
1063.39	4092
1063.63	3724
1063.87	3380
1064.11	3155
1064.35	2949
1064.58	2788
1064.82	2597
1065.06	2338
1065.3	2258
1065.54	2096
1065.78	1953
1066.02	1805
1066.26	1674
1066.5	1508
1066.74	1435
1066.98	1236
1067.21	1162
1067.45	1125
1067.69	1040
1067.93	913
1068.17	883
1068.41	840
1068.65	801
1068.89	701
1069.13	667
1069.37	606
1069.61	550
1069.84	522
1070.08	497
1070.32	406
1070.56	423
1070.8	409
1071.04	375
1071.28	377
1071.52	337
1071.76	321
1071.99	290
1072.23	294
1072.47	249
1072.71	215
1072.95	256
1073.19	183
1073.43	218
1073.67	203
1073.91	205
1074.14	160
1074.38	160
1074.62	179
1074.86	138
1075.1	127
1075.34	125
1075.58	127
1075.82	131
1076.05	96
1076.29	127
1076.53	117
1076.77	110
1077.01	106
1077.25	92
1077.49	101
1077.73	93
1077.96	134
1078.2	80
1078.44	82
1078.68	111
1078.92	65
1079.16	66
1079.4	69
1079.63	84
1079.87	45
1080.11	84
1080.35	59
1080.59	80
1080.83	46
1081.07	61
1081.3	40
1081.54	66
1081.78	47
1082.02	50
1082.26	59
1082.5	37
1082.74	24
1082.97	65
1083.21	18
1083.45	49
1083.69	46
1083.93	29
1084.17	25
1084.4	42
1084.64	43
1084.88	22
1085.12	38
1085.36	44
1085.6	12
1085.84	38
1086.07	47
1086.31	41
1086.55	44
1086.79	43
1087.03	45
1087.26	25
1087.5	48
1087.74	34
1087.98	21
1088.22	62
1088.46	38
1088.69	48
1088.93	42
1089.17	29
1089.41	41
1089.65	26
1089.89	16
1090.12	26
1090.36	22
1090.6	13
1090.84	24
1091.08	10
1091.31	14
1091.55	17
1091.79	14
1092.03	41
1092.27	35
1092.5	35
1092.74	38
1092.98	40
1093.22	31
1093.46	2
1093.7	6
1093.93	3
1094.17	7
1094.41	28
1094.65	15
1094.89	28
1095.12	29
1095.36	34
1095.6	32
1095.84	-7
1096.07	46
1096.31	36
1096.55	21
1096.79	21
1097.03	44
1097.26	31
1097.5	32
1097.74	32
1097.98	20
1098.22	8
1098.45	10
1098.69	22
1098.93	15
1099.17	24
1099.4	34
1099.64	-7
1099.88	46
1100.12	9
1100.36	-1
1100.59	44
1100.83	24
1101.07	29
1101.31	-2
1101.54	11
1101.78	25
1102.02	20
1102.26	25
1102.5	13
1102.73	23
1102.97	16
1103.21	42
1103.45	27
1103.68	0
1103.92	16
1104.16	35
1104.4	14
1104.63	39
1104.87	33
1105.11	19
1105.35	13
1105.58	26
1105.82	17
1106.06	12
1106.3	4
1106.53	27
1106.77	15
1107.01	17
1107.25	38
1107.48	34
1107.72	33
1107.96	51
1108.2	23
1108.43	13
1108.67	30
1108.91	24
1109.15	12
1109.38	15
1109.62	0
1109.86	30
1110.1	12
1110.33	19
1110.57	22
1110.81	27
1111.04	17
1111.28	4
1111.52	21
1111.76	13
1111.99	-3
1112.23	10
1112.47	10
1112.71	25
1112.94	-2
1113.18	7
1113.42	20
1113.65	6
1113.89	18
1114.13	15
1114.37	15
1114.6	4
1114.84	4
1115.08	32
1115.31	-8
1115.55	0
1115.79	10
1116.03	7
1116.26	23
1116.5	4
1116.74	-3
1116.97	24
1117.21	-9
1117.45	27
1117.69	24
1117.92	39
1118.16	5
1118.4	23
1118.63	-3
1118.87	6
1119.11	31
